sp|P04637|P53_HUMAN	P04637	100.000	393	0	0	1	393	1	393	0.0	813
sp|P04637|P53_HUMAN	P56424	95.674	393	17	0	1	393	1	393	0.0	782
sp|P04637|P53_HUMAN	P61260	95.674	393	17	0	1	393	1	393	0.0	782
sp|P04637|P53_HUMAN	P56423	95.674	393	17	0	1	393	1	393	0.0	782
sp|P04637|P53_HUMAN	P13481	95.674	393	17	0	1	393	1	393	0.0	780
sp|P04637|P53_HUMAN	Q9TTA1	93.130	393	27	0	1	393	1	393	0.0	707
sp|P04637|P53_HUMAN	O36006	86.005	393	53	1	1	393	1	391	0.0	672
sp|P04637|P53_HUMAN	Q95330	86.041	394	51	3	1	393	1	391	0.0	651
sp|P04637|P53_HUMAN	Q8SPZ3	84.772	394	52	3	1	393	1	387	0.0	632
sp|P04637|P53_HUMAN	Q9WUR6	78.228	395	80	2	1	393	1	391	0.0	618
sp|P04637|P53_HUMAN	Q00366	78.304	401	74	5	1	393	1	396	0.0	613
sp|P04637|P53_HUMAN	Q9TUB2	81.519	395	62	5	1	393	1	386	0.0	612
sp|P04637|P53_HUMAN	O09185	77.157	394	88	2	1	393	1	393	0.0	612
sp|P04637|P53_HUMAN	Q29537	80.457	394	63	4	1	393	1	381	0.0	603
sp|P04637|P53_HUMAN	P02340	77.354	393	83	4	1	393	4	390	0.0	598
sp|P04637|P53_HUMAN	P67939	80.203	394	69	4	1	393	1	386	0.0	593
sp|P04637|P53_HUMAN	P67938	80.203	394	69	4	1	393	1	386	0.0	593
sp|P04637|P53_HUMAN	P51664	78.426	394	72	3	1	393	1	382	0.0	589
sp|P04637|P53_HUMAN	P10361	75.434	403	77	5	1	393	1	391	0.0	585
sp|P04637|P53_HUMAN	P41685	79.695	394	71	4	1	393	1	386	0.0	585
sp|P04637|P53_HUMAN	Q64662	86.032	315	42	1	21	335	1	313	0.0	530
sp|P04637|P53_HUMAN	P79892	81.507	292	40	4	39	329	2	280	1.02e-153	437
sp|P04637|P53_HUMAN	Q29480	87.440	207	25	1	126	331	1	207	3.57e-125	362
sp|P04637|P53_HUMAN	P25035	49.876	403	171	7	9	393	7	396	5.64e-124	366
sp|P04637|P53_HUMAN	P07193	51.250	400	148	11	3	393	2	363	1.18e-118	352
sp|P04637|P53_HUMAN	P10360	53.867	362	145	6	5	363	4	346	5.79e-118	350
sp|P04637|P53_HUMAN	Q9W678	58.255	321	121	7	85	393	50	369	2.09e-117	348
sp|P04637|P53_HUMAN	P79734	57.188	320	124	5	87	393	54	373	9.44e-116	345
sp|P04637|P53_HUMAN	O93379	56.000	300	122	5	103	393	78	376	7.52e-105	317
sp|P04637|P53_HUMAN	O57538	47.714	350	130	8	13	352	9	315	1.80e-95	291
sp|P04637|P53_HUMAN	Q92143	48.000	350	129	8	13	352	9	315	4.16e-95	291
sp|P04637|P53_HUMAN	Q9W679	43.944	355	160	9	9	350	5	333	3.53e-88	274
sp|P04637|P53_HUMAN	O15350	47.682	302	140	5	60	352	87	379	3.86e-85	274
sp|P04637|P53_HUMAN	Q9XSK8	47.351	302	141	5	60	352	87	379	4.78e-85	274
sp|P04637|P53_HUMAN	Q9JJP2	42.975	363	177	9	18	352	11	371	1.39e-84	273
sp|P04637|P53_HUMAN	Q9H3D4	48.592	284	136	4	73	350	144	423	2.21e-83	271
sp|P04637|P53_HUMAN	O88898	48.592	284	136	4	73	350	144	423	2.46e-83	271
sp|P04637|P53_HUMAN	Q9JJP6	48.592	284	136	4	73	350	144	423	2.51e-83	270
sp|P04637|P53_HUMAN	P79820	48.529	272	129	4	103	371	88	351	4.11e-80	253
sp|P04637|P53_HUMAN	O12946	48.561	278	125	4	82	349	60	329	1.32e-79	252
