sp|P68871|HBB_HUMAN	P68873	100.000	147	0	0	1	147	1	147	6.56e-106	301
sp|P68871|HBB_HUMAN	P68872	100.000	147	0	0	1	147	1	147	6.56e-106	301
sp|P68871|HBB_HUMAN	P68871	100.000	147	0	0	1	147	1	147	6.56e-106	301
sp|P68871|HBB_HUMAN	P02024	99.320	147	1	0	1	147	1	147	2.29e-105	300
sp|P68871|HBB_HUMAN	P02025	98.630	146	2	0	2	147	1	146	3.34e-103	294
sp|P68871|HBB_HUMAN	P02032	97.260	146	4	0	2	147	1	146	2.75e-102	291
sp|P68871|HBB_HUMAN	P19885	95.918	147	6	0	1	147	1	147	4.81e-102	291
sp|P68871|HBB_HUMAN	Q6WN22	95.918	147	6	0	1	147	1	147	1.72e-101	290
sp|P68871|HBB_HUMAN	P68232	95.918	147	6	0	1	147	1	147	2.98e-101	289
sp|P68871|HBB_HUMAN	P68234	95.918	147	6	0	1	147	1	147	2.98e-101	289
sp|P68871|HBB_HUMAN	P68225	95.238	147	7	0	1	147	1	147	3.28e-101	289
sp|P68871|HBB_HUMAN	P68222	95.238	147	7	0	1	147	1	147	3.28e-101	289
sp|P68871|HBB_HUMAN	P68223	95.238	147	7	0	1	147	1	147	3.28e-101	289
sp|P68871|HBB_HUMAN	P68224	95.238	147	7	0	1	147	1	147	3.28e-101	289
sp|P68871|HBB_HUMAN	Q6WN27	95.918	147	6	0	1	147	1	147	3.55e-101	289
sp|P68871|HBB_HUMAN	Q6WN25	95.918	147	6	0	1	147	1	147	3.59e-101	289
sp|P68871|HBB_HUMAN	P02028	95.890	146	6	0	2	147	1	146	3.70e-101	289
sp|P68871|HBB_HUMAN	Q6WN28	96.599	147	5	0	1	147	1	147	7.24e-101	288
sp|P68871|HBB_HUMAN	P67821	95.238	147	7	0	1	147	1	147	1.09e-100	288
sp|P68871|HBB_HUMAN	Q6WN21	95.238	147	7	0	1	147	1	147	1.58e-100	287
sp|P68871|HBB_HUMAN	Q9TSP1	94.558	147	8	0	1	147	1	147	5.16e-100	286
sp|P68871|HBB_HUMAN	P02033	95.205	146	7	0	2	147	1	146	6.35e-100	286
sp|P68871|HBB_HUMAN	P02036	94.558	147	8	0	1	147	1	147	6.79e-100	286
sp|P68871|HBB_HUMAN	P18985	96.575	146	5	0	2	147	1	146	8.45e-100	285
sp|P68871|HBB_HUMAN	P08259	94.521	146	8	0	2	147	1	146	8.92e-100	285
sp|P68871|HBB_HUMAN	Q6WN29	95.238	147	7	0	1	147	1	147	9.65e-100	285
sp|P68871|HBB_HUMAN	P61775	93.878	147	9	0	1	147	1	147	1.14e-99	285
sp|P68871|HBB_HUMAN	P61772	93.878	147	9	0	1	147	1	147	1.14e-99	285
sp|P68871|HBB_HUMAN	P61774	93.878	147	9	0	1	147	1	147	1.14e-99	285
sp|P68871|HBB_HUMAN	P61773	93.878	147	9	0	1	147	1	147	1.14e-99	285
sp|P68871|HBB_HUMAN	P02026	94.521	146	8	0	2	147	1	146	1.20e-99	285
sp|P68871|HBB_HUMAN	P02039	95.205	146	7	0	2	147	1	146	1.41e-99	285
sp|P68871|HBB_HUMAN	P02035	95.205	146	7	0	2	147	1	146	1.67e-99	285
sp|P68871|HBB_HUMAN	P02031	95.205	146	7	0	2	147	1	146	1.71e-99	285
sp|P68871|HBB_HUMAN	P02040	95.205	146	7	0	2	147	1	146	1.74e-99	285
sp|P68871|HBB_HUMAN	P68055	95.205	146	7	0	2	147	1	146	1.90e-99	285
sp|P68871|HBB_HUMAN	P68054	95.205	146	7	0	2	147	1	146	1.90e-99	285
sp|P68871|HBB_HUMAN	Q6WN26	94.558	147	8	0	1	147	1	147	2.06e-99	285
sp|P68871|HBB_HUMAN	P02042	93.197	147	10	0	1	147	1	147	2.65e-99	284
sp|P68871|HBB_HUMAN	P02030	94.521	146	8	0	2	147	1	146	5.34e-99	283
sp|P68871|HBB_HUMAN	P67822	94.521	146	8	0	2	147	1	146	6.87e-99	283
sp|P68871|HBB_HUMAN	P02038	94.521	146	8	0	2	147	1	146	7.75e-99	283
sp|P68871|HBB_HUMAN	P02044	93.878	147	9	0	1	147	1	147	1.09e-98	283
sp|P68871|HBB_HUMAN	P02029	93.836	146	9	0	2	147	1	146	2.06e-98	282
sp|P68871|HBB_HUMAN	P19886	92.517	147	11	0	1	147	1	147	2.38e-98	282
sp|P68871|HBB_HUMAN	Q6WN20	93.878	147	9	0	1	147	1	147	2.46e-98	281
sp|P68871|HBB_HUMAN	P02055	91.781	146	12	0	2	147	1	146	5.85e-97	278
sp|P68871|HBB_HUMAN	P33499	93.836	146	9	0	2	147	1	146	7.13e-97	278
sp|P68871|HBB_HUMAN	P15449	91.781	146	12	0	2	147	1	146	8.59e-97	278
sp|P68871|HBB_HUMAN	P68046	91.781	146	12	0	2	147	1	146	9.69e-97	278
sp|P68871|HBB_HUMAN	P68047	91.781	146	12	0	2	147	1	146	9.69e-97	278
sp|P68871|HBB_HUMAN	P09909	91.781	146	12	0	2	147	1	146	1.66e-96	277
sp|P68871|HBB_HUMAN	P68052	91.781	146	12	0	2	147	1	146	2.00e-96	277
sp|P68871|HBB_HUMAN	P68053	91.781	146	12	0	2	147	1	146	2.00e-96	277
sp|P68871|HBB_HUMAN	P08535	91.156	147	13	0	1	147	1	147	2.72e-96	276
sp|P68871|HBB_HUMAN	P02057	90.476	147	14	0	1	147	1	147	3.43e-96	276
sp|P68871|HBB_HUMAN	P10893	91.096	146	13	0	2	147	1	146	3.54e-96	276
sp|P68871|HBB_HUMAN	P18989	90.411	146	14	0	2	147	1	146	4.66e-96	276
sp|P68871|HBB_HUMAN	P15166	90.411	146	14	0	2	147	1	146	5.14e-96	276
sp|P68871|HBB_HUMAN	P26916	91.096	146	13	0	2	147	1	146	6.61e-96	275
sp|P68871|HBB_HUMAN	P23602	91.096	146	13	0	2	147	1	146	8.06e-96	275
sp|P68871|HBB_HUMAN	P21201	91.096	146	13	0	2	147	1	146	1.13e-95	275
sp|P68871|HBB_HUMAN	P13557	90.476	147	14	0	1	147	1	147	1.28e-95	275
sp|P68871|HBB_HUMAN	P18983	90.476	147	14	0	1	147	1	147	1.49e-95	275
sp|P68871|HBB_HUMAN	P68015	92.466	146	11	0	2	147	1	146	1.63e-95	275
sp|P68871|HBB_HUMAN	P68045	90.411	146	14	0	2	147	1	146	3.96e-95	273
sp|P68871|HBB_HUMAN	P68044	90.411	146	14	0	2	147	1	146	3.96e-95	273
sp|P68871|HBB_HUMAN	P18982	90.411	146	14	0	2	147	1	146	4.23e-95	273
sp|P68871|HBB_HUMAN	P68014	91.781	146	12	0	2	147	1	146	5.68e-95	273
sp|P68871|HBB_HUMAN	Q5XLE5	89.796	147	15	0	1	147	1	147	7.91e-95	273
sp|P68871|HBB_HUMAN	P02046	91.096	146	13	0	2	147	1	146	1.92e-94	272
sp|P68871|HBB_HUMAN	P60526	89.726	146	15	0	2	147	1	146	2.05e-94	272
sp|P68871|HBB_HUMAN	P60524	89.726	146	15	0	2	147	1	146	2.05e-94	272
sp|P68871|HBB_HUMAN	P60525	89.726	146	15	0	2	147	1	146	2.05e-94	272
sp|P68871|HBB_HUMAN	P02047	91.096	146	13	0	2	147	1	146	3.08e-94	271
sp|P68871|HBB_HUMAN	P18984	90.411	146	14	0	2	147	1	146	3.11e-94	271
sp|P68871|HBB_HUMAN	P68012	89.726	146	15	0	2	147	1	146	4.52e-94	271
sp|P68871|HBB_HUMAN	P68011	89.726	146	15	0	2	147	1	146	4.52e-94	271
sp|P68871|HBB_HUMAN	P68013	89.726	146	15	0	2	147	1	146	4.52e-94	271
sp|P68871|HBB_HUMAN	P02051	89.726	146	15	0	2	147	1	146	4.57e-94	271
sp|P68871|HBB_HUMAN	P24660	89.726	146	15	0	2	147	1	146	8.27e-94	270
sp|P68871|HBB_HUMAN	P02050	89.041	146	16	0	2	147	1	146	2.22e-93	269
sp|P68871|HBB_HUMAN	D0VX08	89.041	146	16	0	2	147	1	146	6.87e-93	268
sp|P68871|HBB_HUMAN	P14391	89.041	146	16	0	2	147	1	146	6.87e-93	268
sp|P68871|HBB_HUMAN	P14392	89.041	146	16	0	2	147	1	146	2.40e-92	266
sp|P68871|HBB_HUMAN	P28781	87.671	146	18	0	2	147	1	146	4.02e-92	266
sp|P68871|HBB_HUMAN	P11752	86.301	146	20	0	2	147	1	146	2.48e-91	264
sp|P68871|HBB_HUMAN	P18986	87.500	144	18	0	4	147	3	146	2.57e-91	264
sp|P68871|HBB_HUMAN	P23020	87.500	144	18	0	4	147	3	146	6.52e-91	263
sp|P68871|HBB_HUMAN	P02058	86.986	146	19	0	2	147	1	146	8.58e-91	263
sp|P68871|HBB_HUMAN	B2KHZ4	86.395	147	20	0	1	147	1	147	6.61e-90	260
sp|P68871|HBB_HUMAN	P21667	84.722	144	22	0	4	147	3	146	8.23e-89	258
sp|P68871|HBB_HUMAN	P20855	84.247	146	23	0	2	147	1	146	9.92e-89	257
sp|P68871|HBB_HUMAN	P02067	85.034	147	22	0	1	147	1	147	1.00e-88	257
sp|P68871|HBB_HUMAN	P19016	85.616	146	21	0	2	147	1	146	1.14e-88	257
sp|P68871|HBB_HUMAN	P19646	85.417	144	21	0	4	147	3	146	1.28e-88	257
sp|P68871|HBB_HUMAN	P02049	92.466	146	11	0	2	147	1	146	1.77e-88	257
sp|P68871|HBB_HUMAN	P02090	82.192	146	26	0	2	147	1	146	7.23e-88	255
sp|P68871|HBB_HUMAN	P41328	84.722	144	22	0	4	147	3	146	9.20e-88	255
sp|P68871|HBB_HUMAN	P14388	85.616	146	21	0	2	147	1	146	1.12e-87	254
sp|P68871|HBB_HUMAN	Q7M3C2	84.722	144	22	0	4	147	3	146	2.24e-87	254
sp|P68871|HBB_HUMAN	P02048	91.096	146	13	0	2	147	1	146	3.87e-87	253
sp|P68871|HBB_HUMAN	P13558	88.435	147	17	0	1	147	1	147	5.50e-87	253
sp|P68871|HBB_HUMAN	P02054	84.028	144	23	0	4	147	3	146	6.07e-87	253
sp|P68871|HBB_HUMAN	P07412	84.028	144	23	0	4	147	3	146	8.72e-87	253
sp|P68871|HBB_HUMAN	Q03902	89.796	147	15	0	1	147	1	147	9.53e-87	252
sp|P68871|HBB_HUMAN	P04244	80.952	147	28	0	1	147	1	147	1.11e-86	252
sp|P68871|HBB_HUMAN	Q45XI8	81.633	147	27	0	1	147	1	147	1.99e-86	251
sp|P68871|HBB_HUMAN	P02091	81.633	147	27	0	1	147	1	147	2.45e-86	251
sp|P68871|HBB_HUMAN	P02088	80.272	147	29	0	1	147	1	147	2.79e-86	251
sp|P68871|HBB_HUMAN	B3EWD2	82.877	146	25	0	2	147	1	146	2.95e-86	251
sp|P68871|HBB_HUMAN	Q45XH7	78.912	147	31	0	1	147	1	147	4.23e-86	251
sp|P68871|HBB_HUMAN	P02059	82.192	146	26	0	2	147	1	146	6.08e-86	250
sp|P68871|HBB_HUMAN	P07415	81.507	146	27	0	2	147	1	146	1.60e-85	249
sp|P68871|HBB_HUMAN	P02089	80.272	147	29	0	1	147	1	147	2.03e-85	249
sp|P68871|HBB_HUMAN	P68048	80.272	147	29	0	1	147	1	147	2.24e-85	249
sp|P68871|HBB_HUMAN	P68051	80.272	147	29	0	1	147	1	147	2.24e-85	249
sp|P68871|HBB_HUMAN	P68049	80.272	147	29	0	1	147	1	147	2.24e-85	249
sp|P68871|HBB_HUMAN	Q45XH8	78.231	147	32	0	1	147	1	147	2.67e-85	249
sp|P68871|HBB_HUMAN	P02052	82.192	146	26	0	2	147	1	146	2.92e-85	249
sp|P68871|HBB_HUMAN	Q28931	78.231	147	32	0	1	147	1	147	3.67e-85	248
sp|P68871|HBB_HUMAN	P02101	77.551	147	33	0	1	147	1	147	3.97e-85	248
sp|P68871|HBB_HUMAN	P18988	81.944	144	26	0	4	147	3	146	6.02e-85	248
sp|P68871|HBB_HUMAN	P68050	81.250	144	27	0	4	147	3	146	6.35e-85	248
sp|P68871|HBB_HUMAN	P11758	81.507	146	27	0	2	147	1	146	9.03e-85	247
sp|P68871|HBB_HUMAN	P68064	80.272	147	29	0	1	147	1	147	1.05e-84	247
sp|P68871|HBB_HUMAN	P68194	81.250	144	27	0	4	147	3	146	1.19e-84	247
sp|P68871|HBB_HUMAN	P68065	81.250	144	27	0	4	147	3	146	1.19e-84	247
sp|P68871|HBB_HUMAN	P18435	77.551	147	33	0	1	147	1	147	1.34e-84	247
sp|P68871|HBB_HUMAN	P02102	77.551	147	33	0	1	147	1	147	2.20e-84	246
sp|P68871|HBB_HUMAN	P11517	78.912	147	31	0	1	147	1	147	2.45e-84	246
sp|P68871|HBB_HUMAN	Q45XH3	78.231	147	32	0	1	147	1	147	3.33e-84	246
sp|P68871|HBB_HUMAN	P04246	77.397	146	33	0	2	147	1	146	3.48e-84	246
sp|P68871|HBB_HUMAN	B3EWD8	79.452	146	30	0	2	147	1	146	5.45e-84	245
sp|P68871|HBB_HUMAN	P02061	79.452	146	30	0	2	147	1	146	7.02e-84	245
sp|P68871|HBB_HUMAN	Q2KPA3	78.912	147	31	0	1	147	1	147	1.05e-83	245
sp|P68871|HBB_HUMAN	P07410	77.397	146	33	0	2	147	1	146	1.28e-83	244
sp|P68871|HBB_HUMAN	B3EWE4	80.137	146	29	0	2	147	1	146	1.60e-83	244
sp|P68871|HBB_HUMAN	P51438	76.190	147	35	0	1	147	1	147	1.60e-83	244
sp|P68871|HBB_HUMAN	Q45XI9	81.633	147	27	0	1	147	1	147	1.76e-83	244
sp|P68871|HBB_HUMAN	Q28356	76.190	147	35	0	1	147	1	147	1.99e-83	244
sp|P68871|HBB_HUMAN	P18994	76.190	147	35	0	1	147	1	147	3.26e-83	243
sp|P68871|HBB_HUMAN	P51440	75.510	147	36	0	1	147	1	147	3.56e-83	243
sp|P68871|HBB_HUMAN	B3EWD6	80.822	146	28	0	2	147	1	146	3.64e-83	243
sp|P68871|HBB_HUMAN	P68027	76.190	147	35	0	1	147	1	147	3.80e-83	243
sp|P68871|HBB_HUMAN	P68026	76.190	147	35	0	1	147	1	147	3.80e-83	243
sp|P68871|HBB_HUMAN	Q95190	76.190	147	35	0	1	147	1	147	4.34e-83	243
sp|P68871|HBB_HUMAN	P08853	76.712	146	34	0	2	147	1	146	4.48e-83	243
sp|P68871|HBB_HUMAN	Q28338	76.190	147	35	0	1	147	1	147	5.23e-83	243
sp|P68871|HBB_HUMAN	Q28507	76.190	147	35	0	1	147	1	147	5.58e-83	243
sp|P68871|HBB_HUMAN	P68022	75.510	147	36	0	1	147	1	147	6.10e-83	243
sp|P68871|HBB_HUMAN	P68025	75.510	147	36	0	1	147	1	147	6.10e-83	243
sp|P68871|HBB_HUMAN	P68023	75.510	147	36	0	1	147	1	147	6.10e-83	243
sp|P68871|HBB_HUMAN	P68024	75.510	147	36	0	1	147	1	147	6.10e-83	243
sp|P68871|HBB_HUMAN	P68021	75.510	147	36	0	1	147	1	147	6.10e-83	243
sp|P68871|HBB_HUMAN	P68020	75.510	147	36	0	1	147	1	147	6.10e-83	243
sp|P68871|HBB_HUMAN	P68019	75.510	147	36	0	1	147	1	147	6.10e-83	243
sp|P68871|HBB_HUMAN	P68016	75.510	147	36	0	1	147	1	147	6.10e-83	243
sp|P68871|HBB_HUMAN	P68018	75.510	147	36	0	1	147	1	147	6.10e-83	243
sp|P68871|HBB_HUMAN	P68017	75.510	147	36	0	1	147	1	147	6.10e-83	243
sp|P68871|HBB_HUMAN	Q45XJ0	80.952	147	28	0	1	147	1	147	6.44e-83	243
sp|P68871|HBB_HUMAN	P19759	74.830	147	37	0	1	147	1	147	1.10e-82	242
sp|P68871|HBB_HUMAN	P51441	74.830	147	37	0	1	147	1	147	1.50e-82	242
sp|P68871|HBB_HUMAN	P09421	77.397	146	33	0	2	147	1	146	1.69e-82	242
sp|P68871|HBB_HUMAN	B3EWD4	79.452	146	30	0	2	147	1	146	1.71e-82	241
sp|P68871|HBB_HUMAN	P51443	76.190	147	35	0	1	147	1	147	1.93e-82	241
sp|P68871|HBB_HUMAN	B3EWC8	85.616	146	21	0	2	147	1	146	1.99e-82	241
sp|P68871|HBB_HUMAN	P02084	81.507	146	27	0	2	147	1	146	2.10e-82	241
sp|P68871|HBB_HUMAN	Q95238	74.830	147	37	0	1	147	1	147	2.35e-82	241
sp|P68871|HBB_HUMAN	P68028	74.830	147	37	0	1	147	1	147	2.86e-82	241
sp|P68871|HBB_HUMAN	P68029	74.830	147	37	0	1	147	1	147	2.86e-82	241
sp|P68871|HBB_HUMAN	P02103	75.510	147	36	0	1	147	1	147	3.37e-82	241
sp|P68871|HBB_HUMAN	Q2KPA4	76.190	147	35	0	1	147	1	147	5.01e-82	241
sp|P68871|HBB_HUMAN	P02110	78.912	147	31	0	1	147	1	147	5.65e-82	240
sp|P68871|HBB_HUMAN	Q6LDH1	75.510	147	36	0	1	147	1	147	5.84e-82	240
sp|P68871|HBB_HUMAN	P02100	75.510	147	36	0	1	147	1	147	5.84e-82	240
sp|P68871|HBB_HUMAN	Q6LDH0	75.510	147	36	0	1	147	1	147	5.84e-82	240
sp|P68871|HBB_HUMAN	P08223	74.830	147	37	0	1	147	1	147	5.84e-82	240
sp|P68871|HBB_HUMAN	P11754	86.301	146	20	0	2	147	1	146	7.34e-82	240
sp|P68871|HBB_HUMAN	Q28775	74.830	147	37	0	1	147	1	147	7.76e-82	240
sp|P68871|HBB_HUMAN	Q28496	76.190	147	35	0	1	147	1	147	8.20e-82	240
sp|P68871|HBB_HUMAN	P18990	86.301	146	20	0	2	147	1	146	8.95e-82	240
sp|P68871|HBB_HUMAN	P19760	75.510	147	36	0	1	147	1	147	9.67e-82	240
sp|P68871|HBB_HUMAN	Q29415	74.830	147	37	0	1	147	1	147	9.67e-82	240
sp|P68871|HBB_HUMAN	Q7JFR7	74.830	147	37	0	1	147	1	147	9.67e-82	240
sp|P68871|HBB_HUMAN	P02085	80.822	146	28	0	2	147	1	146	9.77e-82	240
sp|P68871|HBB_HUMAN	P09905	85.616	146	21	0	2	147	1	146	1.13e-81	239
sp|P68871|HBB_HUMAN	P51442	74.830	147	37	0	1	147	1	147	1.40e-81	239
sp|P68871|HBB_HUMAN	P14526	78.231	147	32	0	1	147	1	147	1.53e-81	239
sp|P68871|HBB_HUMAN	P09840	84.932	146	22	0	2	147	1	146	1.93e-81	239
sp|P68871|HBB_HUMAN	B3EWD0	85.616	146	21	0	2	147	1	146	1.99e-81	239
sp|P68871|HBB_HUMAN	B3EWE2	86.897	145	19	0	2	146	1	145	2.37e-81	239
sp|P68871|HBB_HUMAN	P02094	75.510	147	36	0	1	147	1	147	2.93e-81	238
sp|P68871|HBB_HUMAN	P11025	73.469	147	39	0	1	147	1	147	3.72e-81	238
sp|P68871|HBB_HUMAN	Q28220	74.150	147	38	0	1	147	1	147	3.98e-81	238
sp|P68871|HBB_HUMAN	P08225	75.510	147	36	0	1	147	1	147	4.95e-81	238
sp|P68871|HBB_HUMAN	P08224	75.510	147	36	0	1	147	1	147	6.81e-81	238
sp|P68871|HBB_HUMAN	P04245	85.417	144	21	0	4	147	2	145	1.64e-80	236
sp|P68871|HBB_HUMAN	Q45XH5	74.150	147	38	0	1	147	1	147	1.64e-80	237
sp|P68871|HBB_HUMAN	P68231	84.354	147	23	0	1	147	1	147	1.83e-80	236
sp|P68871|HBB_HUMAN	P68230	84.354	147	23	0	1	147	1	147	1.83e-80	236
sp|P68871|HBB_HUMAN	Q7M2Y5	85.034	147	22	0	1	147	1	147	2.65e-80	236
sp|P68871|HBB_HUMAN	P68079	74.150	147	38	0	1	147	1	147	2.83e-80	236
sp|P68871|HBB_HUMAN	P68077	74.150	147	38	0	1	147	1	147	2.83e-80	236
sp|P68871|HBB_HUMAN	P68078	74.150	147	38	0	1	147	1	147	2.83e-80	236
sp|P68871|HBB_HUMAN	Q45XI7	76.190	147	35	0	1	147	1	147	3.13e-80	236
sp|P68871|HBB_HUMAN	P67820	85.417	144	21	0	4	147	2	145	3.89e-80	236
sp|P68871|HBB_HUMAN	P67819	85.417	144	21	0	4	147	2	145	3.89e-80	236
sp|P68871|HBB_HUMAN	P02093	75.342	146	36	0	2	147	1	146	3.93e-80	236
sp|P68871|HBB_HUMAN	P02087	78.231	147	32	0	1	147	1	147	3.98e-80	236
sp|P68871|HBB_HUMAN	P68228	83.673	147	24	0	1	147	1	147	4.64e-80	236
sp|P68871|HBB_HUMAN	P68227	83.673	147	24	0	1	147	1	147	4.64e-80	236
sp|P68871|HBB_HUMAN	P68229	83.673	147	24	0	1	147	1	147	4.64e-80	236
sp|P68871|HBB_HUMAN	P68226	83.673	147	24	0	1	147	1	147	4.64e-80	236
sp|P68871|HBB_HUMAN	P04346	85.417	144	21	0	4	147	2	145	5.52e-80	235
sp|P68871|HBB_HUMAN	P61921	73.469	147	39	0	1	147	1	147	6.66e-80	235
sp|P68871|HBB_HUMAN	P69892	73.469	147	39	0	1	147	1	147	6.66e-80	235
sp|P68871|HBB_HUMAN	P62742	73.469	147	39	0	1	147	1	147	6.66e-80	235
sp|P68871|HBB_HUMAN	Q28779	73.469	147	39	0	1	147	1	147	8.86e-80	235
sp|P68871|HBB_HUMAN	P18995	73.469	147	39	0	1	147	1	147	9.89e-80	234
sp|P68871|HBB_HUMAN	P61948	74.150	147	38	0	1	147	1	147	1.04e-79	234
sp|P68871|HBB_HUMAN	P68087	83.673	147	24	0	1	147	1	147	1.50e-79	234
sp|P68871|HBB_HUMAN	P02111	76.712	146	34	0	2	147	1	146	1.91e-79	234
sp|P68871|HBB_HUMAN	P02070	84.722	144	22	0	4	147	2	145	2.04e-79	234
sp|P68871|HBB_HUMAN	O13071	76.056	142	34	0	1	142	1	142	2.77e-79	233
sp|P68871|HBB_HUMAN	P02078	79.856	139	28	0	9	147	4	142	2.99e-79	233
sp|P68871|HBB_HUMAN	P09907	84.932	146	22	0	2	147	1	146	3.73e-79	233
sp|P68871|HBB_HUMAN	P61920	72.789	147	40	0	1	147	1	147	3.94e-79	233
sp|P68871|HBB_HUMAN	P02066	85.616	146	21	0	2	147	1	146	4.07e-79	233
sp|P68871|HBB_HUMAN	P61947	73.469	147	39	0	1	147	1	147	4.44e-79	233
sp|P68871|HBB_HUMAN	P02097	73.793	145	38	0	3	147	2	146	4.54e-79	233
sp|P68871|HBB_HUMAN	P02072	84.028	144	23	0	4	147	2	145	4.84e-79	233
sp|P68871|HBB_HUMAN	O77655	72.109	147	41	0	1	147	1	147	4.90e-79	233
sp|P68871|HBB_HUMAN	P02060	84.247	146	23	0	2	147	1	146	9.36e-79	232
sp|P68871|HBB_HUMAN	P02104	73.469	147	39	0	1	147	1	147	9.67e-79	232
sp|P68871|HBB_HUMAN	P69891	72.789	147	40	0	1	147	1	147	1.03e-78	232
sp|P68871|HBB_HUMAN	Q45XH6	73.469	147	39	0	1	147	1	147	1.29e-78	232
sp|P68871|HBB_HUMAN	P11756	83.562	146	24	0	2	147	1	146	1.31e-78	232
sp|P68871|HBB_HUMAN	Q6H1U7	74.150	147	38	0	1	147	1	147	1.34e-78	232
sp|P68871|HBB_HUMAN	P18996	72.109	147	41	0	1	147	1	147	1.36e-78	232
sp|P68871|HBB_HUMAN	P62741	72.789	147	40	0	1	147	1	147	1.40e-78	232
sp|P68871|HBB_HUMAN	P18707	73.973	146	38	0	2	147	1	146	1.67e-78	231
sp|P68871|HBB_HUMAN	P02107	74.658	146	37	0	2	147	1	146	1.93e-78	231
sp|P68871|HBB_HUMAN	P02099	73.469	147	39	0	1	147	1	147	2.08e-78	231
sp|P68871|HBB_HUMAN	P06643	70.748	147	43	0	1	147	1	147	2.11e-78	231
sp|P68871|HBB_HUMAN	P02095	75.342	146	36	0	2	147	1	146	3.02e-78	231
sp|P68871|HBB_HUMAN	P09422	83.333	144	24	0	4	147	2	145	3.72e-78	231
sp|P68871|HBB_HUMAN	Q45XI5	73.469	147	39	0	1	147	1	147	3.81e-78	231
sp|P68871|HBB_HUMAN	P67824	83.562	146	24	0	2	147	1	146	4.07e-78	231
sp|P68871|HBB_HUMAN	P67823	83.562	146	24	0	2	147	1	146	4.07e-78	231
sp|P68871|HBB_HUMAN	P02053	82.313	147	26	0	1	147	1	147	4.07e-78	231
sp|P68871|HBB_HUMAN	P02062	83.562	146	24	0	2	147	1	146	6.31e-78	230
sp|P68871|HBB_HUMAN	P02109	71.429	147	42	0	1	147	1	147	8.21e-78	230
sp|P68871|HBB_HUMAN	P02106	73.973	146	38	0	2	147	1	146	1.12e-77	229
sp|P68871|HBB_HUMAN	P24292	75.342	146	36	0	2	147	1	146	1.18e-77	229
sp|P68871|HBB_HUMAN	B3EWE0	81.507	146	27	0	2	147	1	146	1.24e-77	229
sp|P68871|HBB_HUMAN	P02073	84.028	144	23	0	4	147	2	145	1.48e-77	229
sp|P68871|HBB_HUMAN	P02105	70.748	147	43	0	1	147	1	147	1.91e-77	229
sp|P68871|HBB_HUMAN	Q45XI4	72.789	147	40	0	1	147	1	147	2.35e-77	229
sp|P68871|HBB_HUMAN	P02086	83.562	146	24	0	2	147	1	146	4.11e-77	228
sp|P68871|HBB_HUMAN	P68031	72.109	147	41	0	1	147	1	147	6.24e-77	228
sp|P68871|HBB_HUMAN	P68030	72.109	147	41	0	1	147	1	147	6.24e-77	228
sp|P68871|HBB_HUMAN	Q45XI6	72.109	147	41	0	1	147	1	147	7.52e-77	228
sp|P68871|HBB_HUMAN	Q9GJS7	71.429	147	42	0	1	147	1	147	7.94e-77	227
sp|P68871|HBB_HUMAN	P68256	71.429	147	42	0	1	147	1	147	1.02e-76	227
sp|P68871|HBB_HUMAN	Q28221	71.429	147	42	0	1	147	1	147	1.02e-76	227
sp|P68871|HBB_HUMAN	P68257	71.429	147	42	0	1	147	1	147	1.04e-76	227
sp|P68871|HBB_HUMAN	P68258	71.429	147	42	0	1	147	1	147	1.04e-76	227
sp|P68871|HBB_HUMAN	Q28932	71.429	147	42	0	1	147	1	147	1.34e-76	227
sp|P68871|HBB_HUMAN	P68070	72.109	147	41	0	1	147	1	147	1.37e-76	227
sp|P68871|HBB_HUMAN	P68071	72.109	147	41	0	1	147	1	147	1.37e-76	227
sp|P68871|HBB_HUMAN	P68069	72.109	147	41	0	1	147	1	147	1.37e-76	227
sp|P68871|HBB_HUMAN	P68068	72.109	147	41	0	1	147	1	147	1.37e-76	227
sp|P68871|HBB_HUMAN	P04444	69.388	147	45	0	1	147	1	147	3.41e-76	226
sp|P68871|HBB_HUMAN	P21380	81.944	144	26	0	4	147	2	145	3.64e-76	226
sp|P68871|HBB_HUMAN	P02075	82.639	144	25	0	4	147	2	145	8.38e-76	224
sp|P68871|HBB_HUMAN	P56285	71.429	147	42	0	1	147	1	147	1.24e-75	224
sp|P68871|HBB_HUMAN	P02108	71.233	146	42	0	2	147	1	146	1.77e-75	224
sp|P68871|HBB_HUMAN	Q27940	70.748	147	43	0	1	147	1	147	2.51e-75	224
sp|P68871|HBB_HUMAN	P02064	82.877	146	25	0	2	147	1	146	2.54e-75	223
sp|P68871|HBB_HUMAN	Q9GLX4	71.429	147	42	0	1	147	1	147	2.96e-75	223
sp|P68871|HBB_HUMAN	P84792	70.068	147	44	0	1	147	1	147	3.64e-75	223
sp|P68871|HBB_HUMAN	P14524	71.918	146	41	0	2	147	1	146	1.07e-74	222
sp|P68871|HBB_HUMAN	P02081	78.472	144	31	0	4	147	2	145	1.11e-74	222
sp|P68871|HBB_HUMAN	P02112	69.388	147	45	0	1	147	1	147	1.50e-74	221
sp|P68871|HBB_HUMAN	P02077	80.556	144	28	0	4	147	2	145	2.22e-74	221
sp|P68871|HBB_HUMAN	P02074	81.944	144	26	0	4	147	2	145	2.86e-74	221
sp|P68871|HBB_HUMAN	P81042	76.871	147	34	0	1	147	1	147	3.09e-74	221
sp|P68871|HBB_HUMAN	P06642	68.027	147	47	0	1	147	1	147	4.20e-74	221
sp|P68871|HBB_HUMAN	P02114	69.388	147	45	0	1	147	1	147	4.34e-74	220
sp|P68871|HBB_HUMAN	P14260	69.388	147	45	0	1	147	1	147	4.44e-74	220
sp|P68871|HBB_HUMAN	P29626	68.027	147	47	0	1	147	1	147	5.12e-74	220
sp|P68871|HBB_HUMAN	P02127	65.986	147	50	0	1	147	1	147	5.65e-74	220
sp|P68871|HBB_HUMAN	P02076	72.222	144	40	0	4	147	2	145	1.27e-73	219
sp|P68871|HBB_HUMAN	P04443	66.667	147	49	0	1	147	1	147	1.34e-73	219
sp|P68871|HBB_HUMAN	P02117	69.178	146	45	0	2	147	1	146	1.37e-73	219
sp|P68871|HBB_HUMAN	P02126	70.548	146	43	0	2	147	1	146	1.58e-73	219
sp|P68871|HBB_HUMAN	P02118	69.178	146	45	0	2	147	1	146	1.64e-73	219
sp|P68871|HBB_HUMAN	P11342	69.178	146	45	0	2	147	1	146	1.65e-73	219
sp|P68871|HBB_HUMAN	P07406	70.548	146	43	0	2	147	1	146	1.77e-73	219
sp|P68871|HBB_HUMAN	P02128	65.986	147	50	0	1	147	1	147	1.93e-73	219
sp|P68871|HBB_HUMAN	P68945	69.178	146	45	0	2	147	1	146	1.95e-73	219
sp|P68871|HBB_HUMAN	P68944	69.178	146	45	0	2	147	1	146	1.95e-73	219
sp|P68871|HBB_HUMAN	P22742	69.178	146	45	0	2	147	1	146	1.97e-73	219
sp|P68871|HBB_HUMAN	P02115	69.863	146	44	0	2	147	1	146	2.20e-73	219
sp|P68871|HBB_HUMAN	P68062	68.493	146	46	0	2	147	1	146	2.80e-73	218
sp|P68871|HBB_HUMAN	P68063	68.493	146	46	0	2	147	1	146	2.80e-73	218
sp|P68871|HBB_HUMAN	P68061	68.493	146	46	0	2	147	1	146	2.80e-73	218
sp|P68871|HBB_HUMAN	P10058	67.808	146	47	0	2	147	1	146	3.33e-73	218
sp|P68871|HBB_HUMAN	P21668	69.178	146	45	0	2	147	1	146	4.68e-73	218
sp|P68871|HBB_HUMAN	P02083	77.778	144	32	0	4	147	2	145	8.10e-73	217
sp|P68871|HBB_HUMAN	P30893	68.493	146	46	0	2	147	1	146	8.37e-73	217
sp|P68871|HBB_HUMAN	P02116	69.178	146	45	0	2	147	1	146	8.56e-73	217
sp|P68871|HBB_HUMAN	P82113	68.493	146	46	0	2	147	1	146	9.14e-73	217
sp|P68871|HBB_HUMAN	P02121	67.808	146	47	0	2	147	1	146	1.05e-72	217
sp|P68871|HBB_HUMAN	P07411	67.808	146	47	0	2	147	1	146	1.30e-72	217
sp|P68871|HBB_HUMAN	P02082	77.778	144	32	0	4	147	2	145	1.50e-72	216
sp|P68871|HBB_HUMAN	P02065	80.137	146	29	0	2	147	1	146	1.50e-72	216
sp|P68871|HBB_HUMAN	P02124	68.493	146	46	0	2	147	1	146	1.56e-72	216
sp|P68871|HBB_HUMAN	P10782	68.493	146	46	0	2	147	1	146	1.58e-72	216
sp|P68871|HBB_HUMAN	P02113	67.808	146	47	0	2	147	1	146	1.97e-72	216
sp|P68871|HBB_HUMAN	P02122	67.808	146	47	0	2	147	1	146	2.83e-72	216
sp|P68871|HBB_HUMAN	Q7LZB9	68.493	146	46	0	2	147	1	146	3.30e-72	216
sp|P68871|HBB_HUMAN	P07036	68.493	146	46	0	2	147	1	146	3.33e-72	216
sp|P68871|HBB_HUMAN	P68056	80.576	139	27	0	9	147	4	142	3.60e-72	215
sp|P68871|HBB_HUMAN	P68058	80.576	139	27	0	9	147	3	141	5.34e-72	215
sp|P68871|HBB_HUMAN	P02123	67.808	146	47	0	2	147	1	146	5.64e-72	215
sp|P68871|HBB_HUMAN	P68057	80.576	139	27	0	9	147	3	141	6.09e-72	215
sp|P68871|HBB_HUMAN	P80216	68.493	146	46	0	2	147	1	146	7.42e-72	215
sp|P68871|HBB_HUMAN	P18436	66.892	148	48	1	1	147	1	148	8.28e-72	215
sp|P68871|HBB_HUMAN	P02120	67.123	146	48	0	2	147	1	146	1.39e-71	214
sp|P68871|HBB_HUMAN	P10061	67.123	146	48	0	2	147	1	146	2.56e-71	213
sp|P68871|HBB_HUMAN	P08261	67.808	146	47	0	2	147	1	146	2.76e-71	213
sp|P68871|HBB_HUMAN	P83123	68.027	147	47	0	1	147	1	147	4.58e-71	213
sp|P68871|HBB_HUMAN	P08851	67.123	146	48	0	2	147	1	146	7.74e-71	212
sp|P68871|HBB_HUMAN	P02125	67.808	146	47	0	2	147	1	146	1.14e-70	212
sp|P68871|HBB_HUMAN	Q98905	67.347	147	48	0	1	147	1	147	1.46e-70	211
sp|P68871|HBB_HUMAN	P16418	67.808	146	47	0	2	147	1	146	1.31e-69	209
sp|P68871|HBB_HUMAN	P02092	69.178	146	45	0	2	147	1	146	2.34e-69	208
sp|P68871|HBB_HUMAN	P15165	65.753	146	50	0	2	147	1	146	2.79e-69	208
sp|P68871|HBB_HUMAN	P13274	65.753	146	50	0	2	147	1	146	4.42e-69	207
sp|P68871|HBB_HUMAN	P86390	67.123	146	48	0	2	147	1	146	7.39e-69	207
sp|P68871|HBB_HUMAN	P86391	66.438	146	49	0	2	147	1	146	1.32e-68	206
sp|P68871|HBB_HUMAN	P0C0U8	66.438	146	49	0	2	147	1	146	2.36e-68	206
sp|P68871|HBB_HUMAN	P02080	65.714	140	48	0	8	147	2	141	2.44e-68	206
sp|P68871|HBB_HUMAN	P83133	66.438	146	49	0	2	147	1	146	2.78e-68	206
sp|P68871|HBB_HUMAN	P41332	65.068	146	51	0	2	147	1	146	4.65e-67	202
sp|P68871|HBB_HUMAN	P14261	61.224	147	57	0	1	147	1	147	7.62e-67	202
sp|P68871|HBB_HUMAN	P18987	64.384	146	52	0	2	147	1	146	2.06e-66	201
sp|P68871|HBB_HUMAN	P18993	65.068	146	51	0	2	147	1	146	3.73e-66	200
sp|P68871|HBB_HUMAN	P22743	64.384	146	52	0	2	147	1	146	7.95e-66	199
sp|P68871|HBB_HUMAN	P10060	63.699	146	53	0	2	147	1	146	9.04e-65	197
sp|P68871|HBB_HUMAN	Q10733	56.164	146	64	0	2	147	1	146	5.43e-62	190
sp|P68871|HBB_HUMAN	P02136	55.782	147	65	0	1	147	1	147	1.29e-58	181
sp|P68871|HBB_HUMAN	P82316	52.414	145	69	0	2	146	1	145	3.23e-57	178
sp|P68871|HBB_HUMAN	P83114	57.534	146	61	1	2	147	1	145	5.89e-57	177
sp|P68871|HBB_HUMAN	P02129	55.556	144	64	0	4	147	3	146	2.29e-56	176
sp|P68871|HBB_HUMAN	P86919	54.167	144	66	0	4	147	3	146	1.22e-55	174
sp|P68871|HBB_HUMAN	P02137	56.164	146	64	0	1	146	1	146	1.85e-55	173
sp|P68871|HBB_HUMAN	P02142	53.103	145	68	0	2	146	1	145	3.53e-55	172
sp|P68871|HBB_HUMAN	P02139	54.422	147	66	1	2	147	1	147	7.34e-55	172
sp|P68871|HBB_HUMAN	Q90486	51.351	148	71	1	1	147	1	148	7.41e-55	172
sp|P68871|HBB_HUMAN	Q90485	50.000	148	73	1	1	147	1	148	2.55e-54	171
sp|P68871|HBB_HUMAN	P02133	53.061	147	69	0	1	147	1	147	5.93e-54	169
sp|P68871|HBB_HUMAN	O13164	52.027	148	70	1	1	147	1	148	1.02e-53	169
sp|P68871|HBB_HUMAN	Q7LZC2	52.414	145	69	0	2	146	1	145	1.07e-53	169
sp|P68871|HBB_HUMAN	P80727	53.103	145	68	0	2	146	1	145	1.25e-53	169
sp|P68871|HBB_HUMAN	P08423	54.795	146	66	0	1	146	1	146	3.65e-53	167
sp|P68871|HBB_HUMAN	P83478	51.724	145	70	0	2	146	1	145	5.18e-53	167
sp|P68871|HBB_HUMAN	Q9PVM1	50.676	148	72	1	1	147	1	148	7.50e-53	167
sp|P68871|HBB_HUMAN	P02140	51.020	147	71	1	2	147	1	147	1.76e-52	166
sp|P68871|HBB_HUMAN	P02134	58.088	136	57	0	12	147	5	140	2.75e-52	165
sp|P68871|HBB_HUMAN	Q9PVM2	50.000	148	73	1	1	147	1	148	3.62e-52	165
sp|P68871|HBB_HUMAN	O13163	53.378	148	68	1	1	147	1	148	2.13e-51	163
sp|P68871|HBB_HUMAN	Q1AGS7	51.020	147	72	0	1	147	1	147	8.74e-51	161
sp|P68871|HBB_HUMAN	P02130	50.714	140	69	0	8	147	7	146	8.95e-51	161
sp|P68871|HBB_HUMAN	P84610	51.020	147	72	0	1	147	1	147	7.14e-50	159
sp|P68871|HBB_HUMAN	P18991	53.425	146	68	0	2	147	1	146	9.39e-50	159
sp|P68871|HBB_HUMAN	Q98TS0	51.351	148	71	1	1	147	1	148	1.18e-49	159
sp|P68871|HBB_HUMAN	P84204	51.724	145	70	0	2	146	1	145	1.42e-49	158
sp|P68871|HBB_HUMAN	P29627	71.569	102	29	0	46	147	1	102	1.45e-49	157
sp|P68871|HBB_HUMAN	P02131	50.000	144	72	0	4	147	3	146	1.79e-49	158
sp|P68871|HBB_HUMAN	P02141	50.676	148	72	1	1	147	1	148	2.79e-49	157
sp|P68871|HBB_HUMAN	Q91473	50.000	148	73	1	1	147	1	148	4.01e-49	157
sp|P68871|HBB_HUMAN	P07433	47.222	144	76	0	4	147	3	146	7.58e-49	156
sp|P68871|HBB_HUMAN	C0HJE1	49.306	144	73	0	4	147	3	146	1.78e-48	155
sp|P68871|HBB_HUMAN	P23741	47.945	146	76	0	2	147	1	146	1.80e-48	155
sp|P68871|HBB_HUMAN	P14521	49.660	147	73	1	2	147	1	147	4.96e-48	154
sp|P68871|HBB_HUMAN	P56251	47.619	147	76	1	2	147	1	147	8.38e-48	154
sp|P68871|HBB_HUMAN	P84206	47.619	147	76	1	2	147	1	147	8.85e-48	154
sp|P68871|HBB_HUMAN	P11749	47.945	146	76	0	2	147	1	146	2.08e-47	153
sp|P68871|HBB_HUMAN	Q1AGS3	53.030	132	62	0	16	147	1	132	3.34e-47	152
sp|P68871|HBB_HUMAN	P02135	52.899	138	65	0	10	147	3	140	7.16e-47	151
sp|P68871|HBB_HUMAN	P83624	48.252	143	74	0	5	147	4	146	1.05e-46	151
sp|P68871|HBB_HUMAN	Q6Y239	47.973	148	76	1	1	147	1	148	2.22e-46	150
sp|P68871|HBB_HUMAN	Q1AGS6	44.218	147	82	0	1	147	1	147	5.45e-46	149
sp|P68871|HBB_HUMAN	P83272	46.207	145	78	0	2	146	1	145	1.06e-45	149
sp|P68871|HBB_HUMAN	P10785	47.222	144	76	0	4	147	2	145	1.26e-45	148
sp|P68871|HBB_HUMAN	P83273	47.945	146	76	0	2	147	1	146	1.29e-45	148
sp|P68871|HBB_HUMAN	P02132	45.833	144	78	0	4	147	3	146	1.34e-45	148
sp|P68871|HBB_HUMAN	P80946	45.578	147	79	1	2	147	1	147	1.66e-45	148
sp|P68871|HBB_HUMAN	O13078	43.537	147	83	0	1	147	1	147	3.00e-45	147
sp|P68871|HBB_HUMAN	P10786	46.897	145	77	0	2	146	1	145	4.13e-45	147
sp|P68871|HBB_HUMAN	O93348	44.898	147	81	0	1	147	1	147	4.74e-45	147
sp|P68871|HBB_HUMAN	P07432	45.833	144	78	0	4	147	3	146	7.43e-45	146
sp|P68871|HBB_HUMAN	P0C240	44.521	146	81	0	2	147	1	146	7.68e-45	146
sp|P68871|HBB_HUMAN	P29625	45.578	147	80	0	1	147	1	147	7.75e-45	146
sp|P68871|HBB_HUMAN	P07429	42.177	147	85	0	1	147	1	147	8.01e-45	146
sp|P68871|HBB_HUMAN	P84611	44.218	147	82	0	1	147	1	147	1.24e-44	146
sp|P68871|HBB_HUMAN	K7N5M6	45.890	146	79	0	2	147	1	146	1.26e-44	146
sp|P68871|HBB_HUMAN	O93351	45.578	147	80	0	1	147	1	147	1.41e-44	145
sp|P68871|HBB_HUMAN	P80044	45.578	147	80	0	1	147	1	147	1.96e-44	145
sp|P68871|HBB_HUMAN	Q7LZC1	45.578	147	79	1	2	147	1	147	2.23e-44	145
sp|P68871|HBB_HUMAN	P02138	48.299	147	75	1	2	147	1	147	2.26e-44	145
sp|P68871|HBB_HUMAN	C0HJT6	45.890	146	79	0	2	147	1	146	2.76e-44	145
sp|P68871|HBB_HUMAN	P0C239	43.151	146	83	0	2	147	1	146	3.14e-44	145
sp|P68871|HBB_HUMAN	P84604	43.537	147	83	0	1	147	1	147	4.45e-44	144
sp|P68871|HBB_HUMAN	O09232	43.537	147	83	0	1	147	1	147	4.55e-44	144
sp|P68871|HBB_HUMAN	P29628	45.205	146	80	0	2	147	1	146	8.77e-44	144
sp|P68871|HBB_HUMAN	B3EWR8	48.276	145	75	0	2	146	1	145	9.89e-44	144
sp|P68871|HBB_HUMAN	O93349	43.537	147	83	0	1	147	1	147	2.91e-43	142
sp|P68871|HBB_HUMAN	P23017	45.578	147	80	0	1	147	1	147	4.17e-43	142
sp|P68871|HBB_HUMAN	P84652	44.898	147	81	0	1	147	1	147	4.55e-43	142
sp|P68871|HBB_HUMAN	P86879	45.517	145	79	0	2	146	1	145	5.26e-43	142
sp|P68871|HBB_HUMAN	P45720	43.836	146	82	0	2	147	1	146	5.74e-43	142
sp|P68871|HBB_HUMAN	P07420	78.161	87	19	0	61	147	1	87	6.48e-43	139
sp|P68871|HBB_HUMAN	P23018	45.890	146	79	0	2	147	1	146	1.83e-42	140
sp|P68871|HBB_HUMAN	P83612	44.521	146	81	0	2	147	1	146	2.17e-42	140
sp|P68871|HBB_HUMAN	P16309	43.151	146	83	0	2	147	1	146	3.15e-42	140
sp|P68871|HBB_HUMAN	P85082	45.578	147	80	0	1	147	1	147	3.83e-42	139
sp|P68871|HBB_HUMAN	P83625	43.836	146	82	0	2	147	1	146	5.74e-42	139
sp|P68871|HBB_HUMAN	P80271	41.781	146	85	0	2	147	1	146	6.00e-42	139
sp|P68871|HBB_HUMAN	O13077	41.497	147	86	0	1	147	1	147	1.50e-40	135
sp|P68871|HBB_HUMAN	P82345	43.836	146	82	0	2	147	1	146	3.84e-40	134
sp|P68871|HBB_HUMAN	P86887	43.448	145	82	0	2	146	1	145	9.69e-40	133
sp|P68871|HBB_HUMAN	P83614	43.151	146	83	0	2	147	1	146	1.37e-39	133
sp|P68871|HBB_HUMAN	P45722	43.151	146	83	0	2	147	1	146	2.85e-39	132
sp|P68871|HBB_HUMAN	C0HJT7	43.151	146	83	0	2	147	1	146	1.00e-38	131
sp|P68871|HBB_HUMAN	P14520	45.890	146	72	2	4	147	2	142	1.55e-38	130
sp|P68871|HBB_HUMAN	P45721	42.466	146	84	0	2	147	1	146	2.17e-38	130
sp|P68871|HBB_HUMAN	P80043	41.781	146	78	2	4	147	2	142	1.55e-35	122
sp|P68871|HBB_HUMAN	P45718	41.781	146	78	2	4	147	2	142	1.72e-35	122
sp|P68871|HBB_HUMAN	P04241	44.828	145	72	2	4	146	2	140	3.77e-35	122
sp|P68871|HBB_HUMAN	P11748	43.151	146	76	2	4	147	3	143	6.60e-35	121
sp|P68871|HBB_HUMAN	P0C238	42.466	146	77	3	4	147	3	143	1.67e-34	120
sp|P68871|HBB_HUMAN	P29624	40.411	146	80	2	4	147	2	142	2.17e-34	120
sp|P68871|HBB_HUMAN	P84203	42.177	147	77	3	4	147	2	143	2.44e-34	120
sp|P68871|HBB_HUMAN	P07409	44.898	147	75	2	2	147	1	142	5.66e-34	119
sp|P68871|HBB_HUMAN	P83134	42.069	145	76	2	4	146	2	140	6.69e-34	118
sp|P68871|HBB_HUMAN	P82990	41.096	146	79	2	4	147	2	142	6.96e-34	118
sp|P68871|HBB_HUMAN	P11753	42.759	145	75	2	4	146	2	140	8.59e-34	118
sp|P68871|HBB_HUMAN	P02018	41.096	146	79	2	4	147	2	142	1.14e-33	118
sp|P68871|HBB_HUMAN	P10777	39.041	146	82	2	4	147	2	142	1.17e-33	118
sp|P68871|HBB_HUMAN	C0HJT8	43.165	139	72	2	10	146	1	134	1.86e-33	117
sp|P68871|HBB_HUMAN	P01944	43.448	145	74	2	4	146	2	140	1.97e-33	117
sp|P68871|HBB_HUMAN	P0C237	40.541	148	81	3	2	147	1	143	2.27e-33	117
sp|P68871|HBB_HUMAN	Q9DF25	42.069	145	76	2	4	146	2	140	3.01e-33	117
sp|P68871|HBB_HUMAN	Q90487	40.541	148	81	2	2	147	1	143	4.37e-33	116
sp|P68871|HBB_HUMAN	K7N5M5	39.726	146	81	2	4	147	2	142	4.78e-33	116
sp|P68871|HBB_HUMAN	P08849	42.759	145	75	3	4	146	2	140	5.71e-33	116
sp|P68871|HBB_HUMAN	P83124	41.379	145	77	2	4	146	2	140	6.95e-33	116
sp|P68871|HBB_HUMAN	P14390	43.448	145	74	2	4	146	2	140	7.75e-33	115
sp|P68871|HBB_HUMAN	P21379	44.828	145	72	3	4	146	2	140	8.00e-33	115
sp|P68871|HBB_HUMAN	P83611	39.726	146	81	2	4	147	2	142	8.60e-33	115
sp|P68871|HBB_HUMAN	P02007	38.356	146	82	2	4	147	3	142	1.04e-32	115
sp|P68871|HBB_HUMAN	D0VX09	43.448	145	74	2	4	146	2	140	1.10e-32	115
sp|P68871|HBB_HUMAN	P01971	44.828	145	72	3	4	146	3	141	1.21e-32	115
sp|P68871|HBB_HUMAN	P01979	45.517	145	71	3	4	146	2	140	1.34e-32	115
sp|P68871|HBB_HUMAN	P26915	43.448	145	74	3	4	146	2	140	1.62e-32	115
sp|P68871|HBB_HUMAN	P23016	40.411	146	80	2	4	147	2	142	1.86e-32	115
sp|P68871|HBB_HUMAN	P04240	42.759	145	75	2	4	146	2	140	1.98e-32	115
sp|P68871|HBB_HUMAN	P07414	40.000	145	79	2	4	146	2	140	2.33e-32	114
sp|P68871|HBB_HUMAN	P69907	43.448	145	74	3	4	146	3	141	2.55e-32	114
sp|P68871|HBB_HUMAN	P69906	43.448	145	74	3	4	146	3	141	2.55e-32	114
sp|P68871|HBB_HUMAN	P69905	43.448	145	74	3	4	146	3	141	2.55e-32	114
sp|P68871|HBB_HUMAN	P84791	42.759	145	75	2	4	146	2	140	2.59e-32	114
sp|P68871|HBB_HUMAN	P10892	44.138	145	73	3	4	146	2	140	3.22e-32	114
sp|P68871|HBB_HUMAN	P02001	43.448	145	74	3	4	146	2	140	3.52e-32	114
sp|P68871|HBB_HUMAN	P83270	40.541	148	81	2	2	147	1	143	3.97e-32	114
sp|P68871|HBB_HUMAN	P81024	42.759	145	75	3	4	146	2	140	4.52e-32	114
sp|P68871|HBB_HUMAN	P01945	41.379	145	77	2	4	146	2	140	4.57e-32	114
sp|P68871|HBB_HUMAN	P01943	42.759	145	75	2	4	146	2	140	4.82e-32	114
sp|P68871|HBB_HUMAN	P06636	44.138	145	73	3	4	146	3	141	4.91e-32	114
sp|P68871|HBB_HUMAN	P14527	39.726	146	81	2	4	147	2	142	5.07e-32	114
sp|P68871|HBB_HUMAN	P18972	43.448	145	74	3	4	146	2	140	6.12e-32	114
sp|P68871|HBB_HUMAN	P01923	42.759	145	75	3	4	146	2	140	7.21e-32	113
sp|P68871|HBB_HUMAN	P01935	41.379	145	77	3	4	146	2	140	7.29e-32	113
sp|P68871|HBB_HUMAN	P02016	39.865	148	82	2	2	147	1	143	7.63e-32	113
sp|P68871|HBB_HUMAN	P83271	39.189	148	83	2	2	147	1	143	7.72e-32	113
sp|P68871|HBB_HUMAN	P18970	44.138	145	73	3	4	146	3	141	7.75e-32	113
sp|P68871|HBB_HUMAN	B3EWE3	42.069	145	76	2	4	146	2	140	7.95e-32	113
sp|P68871|HBB_HUMAN	P14389	42.759	145	75	2	4	146	2	140	8.49e-32	113
sp|P68871|HBB_HUMAN	P10781	42.759	145	75	2	4	146	2	140	8.96e-32	113
sp|P68871|HBB_HUMAN	P04243	39.726	146	80	3	4	147	3	142	9.22e-32	113
sp|P68871|HBB_HUMAN	P68060	42.466	146	76	3	4	147	2	141	9.89e-32	113
sp|P68871|HBB_HUMAN	P68059	42.466	146	76	3	4	147	2	141	9.89e-32	113
sp|P68871|HBB_HUMAN	Q862A7	42.759	145	76	2	4	146	3	142	1.01e-31	113
sp|P68871|HBB_HUMAN	P09908	43.448	145	74	3	4	146	2	140	1.14e-31	113
sp|P68871|HBB_HUMAN	P02019	43.243	148	75	3	4	147	2	144	1.16e-31	113
sp|P68871|HBB_HUMAN	P04239	41.379	145	77	2	4	146	2	140	1.18e-31	113
sp|P68871|HBB_HUMAN	P24659	44.828	145	72	3	4	146	2	140	1.20e-31	113
sp|P68871|HBB_HUMAN	P23601	43.448	145	74	3	4	146	2	140	1.23e-31	113
sp|P68871|HBB_HUMAN	P23600	43.448	145	74	3	4	146	2	140	1.27e-31	112
sp|P68871|HBB_HUMAN	P01953	43.448	145	74	3	4	146	2	140	1.34e-31	112
sp|P68871|HBB_HUMAN	P04442	42.069	145	76	2	4	146	2	140	1.40e-31	112
sp|P68871|HBB_HUMAN	Q9TS35	42.759	145	75	3	4	146	3	141	1.47e-31	112
sp|P68871|HBB_HUMAN	P68236	44.138	145	73	3	4	146	3	141	1.73e-31	112
sp|P68871|HBB_HUMAN	P68235	44.138	145	73	3	4	146	3	141	1.73e-31	112
sp|P68871|HBB_HUMAN	P68237	44.138	145	73	3	4	146	3	141	1.73e-31	112
sp|P68871|HBB_HUMAN	P06637	40.690	145	78	2	4	146	3	141	1.73e-31	112
sp|P68871|HBB_HUMAN	P02006	40.000	145	79	2	4	146	2	140	1.74e-31	112
sp|P68871|HBB_HUMAN	P04238	42.069	145	76	2	4	146	2	140	1.80e-31	112
sp|P68871|HBB_HUMAN	Q0ZA50	44.138	145	73	3	4	146	3	141	1.87e-31	112
sp|P68871|HBB_HUMAN	Q9XSN3	43.448	145	74	2	4	146	3	141	1.87e-31	112
sp|P68871|HBB_HUMAN	P01964	44.828	145	72	3	4	146	2	140	1.92e-31	112
sp|P68871|HBB_HUMAN	P68240	44.138	145	73	3	4	146	3	141	2.09e-31	112
sp|P68871|HBB_HUMAN	P68239	44.138	145	73	3	4	146	3	141	2.09e-31	112
sp|P68871|HBB_HUMAN	P0CH25	44.138	145	73	3	4	146	3	141	2.09e-31	112
sp|P68871|HBB_HUMAN	P29623	39.726	146	81	2	4	147	2	142	2.13e-31	112
sp|P68871|HBB_HUMAN	P19015	44.138	145	73	3	4	146	2	140	2.33e-31	112
sp|P68871|HBB_HUMAN	P01977	43.448	145	74	3	4	146	2	140	2.36e-31	112
sp|P68871|HBB_HUMAN	P67818	42.759	145	75	3	4	146	2	140	2.39e-31	112
sp|P68871|HBB_HUMAN	P01924	43.448	145	74	3	4	146	2	140	2.41e-31	112
sp|P68871|HBB_HUMAN	P67817	42.759	145	75	3	4	146	3	141	2.43e-31	112
sp|P68871|HBB_HUMAN	P20243	43.448	145	74	3	4	146	2	140	2.49e-31	112
sp|P68871|HBB_HUMAN	P01978	42.759	145	75	3	4	146	2	140	2.66e-31	112
sp|P68871|HBB_HUMAN	P60529	43.448	145	74	3	4	146	2	140	3.03e-31	112
sp|P68871|HBB_HUMAN	P0CH26	44.138	145	73	3	4	146	3	141	3.26e-31	112
sp|P68871|HBB_HUMAN	P63108	43.448	145	74	3	4	146	3	141	3.63e-31	111
sp|P68871|HBB_HUMAN	P63107	43.448	145	74	3	4	146	3	141	3.63e-31	111
sp|P68871|HBB_HUMAN	P08257	41.379	145	77	3	4	146	2	140	3.69e-31	111
sp|P68871|HBB_HUMAN	P15164	41.096	146	78	3	4	147	2	141	3.81e-31	111
sp|P68871|HBB_HUMAN	Q9PVM4	39.189	148	83	3	2	147	1	143	4.03e-31	111
sp|P68871|HBB_HUMAN	P02002	42.069	145	76	3	4	146	2	140	4.34e-31	111
sp|P68871|HBB_HUMAN	P06635	42.069	145	76	3	4	146	3	141	4.42e-31	111
sp|P68871|HBB_HUMAN	P10885	43.448	145	74	3	4	146	2	140	4.48e-31	111
sp|P68871|HBB_HUMAN	P01956	42.759	145	75	3	4	146	2	140	4.53e-31	111
sp|P68871|HBB_HUMAN	P01948	40.690	145	78	2	4	146	3	141	4.77e-31	111
sp|P68871|HBB_HUMAN	P04242	40.690	145	78	2	4	146	2	140	4.94e-31	111
sp|P68871|HBB_HUMAN	P41330	43.448	145	74	3	4	146	3	141	4.98e-31	111
sp|P68871|HBB_HUMAN	P01934	40.690	145	78	3	4	146	2	140	5.11e-31	111
sp|P68871|HBB_HUMAN	P07035	41.379	145	77	2	4	146	2	140	5.34e-31	111
sp|P68871|HBB_HUMAN	P17689	44.138	145	73	3	4	146	2	140	5.82e-31	111
sp|P68871|HBB_HUMAN	P01942	42.069	145	76	2	4	146	3	141	5.86e-31	111
sp|P68871|HBB_HUMAN	P01929	42.759	145	75	3	4	146	2	140	5.88e-31	111
sp|P68871|HBB_HUMAN	P08422	41.379	145	77	2	4	146	3	141	6.12e-31	111
sp|P68871|HBB_HUMAN	P01926	43.448	145	74	3	4	146	3	141	6.53e-31	111
sp|P68871|HBB_HUMAN	P11755	44.138	145	73	3	4	146	2	140	7.23e-31	110
sp|P68871|HBB_HUMAN	P85081	42.069	145	77	2	4	146	3	142	7.82e-31	110
sp|P68871|HBB_HUMAN	P84205	36.986	146	85	2	4	147	2	142	8.03e-31	110
sp|P68871|HBB_HUMAN	P84653	39.041	146	82	2	4	147	3	143	9.11e-31	110
sp|P68871|HBB_HUMAN	P21200	42.759	145	75	3	4	146	2	140	9.60e-31	110
sp|P68871|HBB_HUMAN	P60530	42.759	145	75	3	4	146	3	141	9.77e-31	110
sp|P68871|HBB_HUMAN	P01928	42.069	145	76	3	4	146	3	141	1.03e-30	110
sp|P68871|HBB_HUMAN	P60523	42.759	145	75	3	4	146	2	140	1.04e-30	110
sp|P68871|HBB_HUMAN	P28780	42.759	145	75	3	4	146	2	140	1.09e-30	110
sp|P68871|HBB_HUMAN	P02017	42.177	147	76	4	4	147	2	142	1.10e-30	110
sp|P68871|HBB_HUMAN	P82112	39.310	145	80	2	4	146	2	140	1.12e-30	110
sp|P68871|HBB_HUMAN	P83623	38.356	146	83	2	4	147	2	142	1.17e-30	110
sp|P68871|HBB_HUMAN	P83479	42.953	149	76	4	2	147	1	143	1.24e-30	110
sp|P68871|HBB_HUMAN	P10778	43.448	145	74	3	4	146	2	140	1.25e-30	110
sp|P68871|HBB_HUMAN	P07413	40.411	146	79	3	4	147	2	141	1.32e-30	110
sp|P68871|HBB_HUMAN	Q9TVA3	44.138	145	73	3	4	146	3	141	1.44e-30	110
sp|P68871|HBB_HUMAN	P01963	42.759	145	75	3	4	146	3	141	1.46e-30	110
sp|P68871|HBB_HUMAN	P21767	42.759	145	75	3	4	146	2	140	1.47e-30	110
sp|P68871|HBB_HUMAN	P01936	42.759	145	75	3	4	146	2	140	1.52e-30	110
sp|P68871|HBB_HUMAN	Q9TSN7	42.759	145	75	3	4	146	3	141	1.65e-30	110
sp|P68871|HBB_HUMAN	Q7M2Y4	43.448	145	74	3	4	146	2	140	1.67e-30	110
sp|P68871|HBB_HUMAN	B3EWD5	42.069	145	76	2	4	146	2	140	1.78e-30	110
sp|P68871|HBB_HUMAN	P15448	44.138	145	73	3	4	146	2	140	1.99e-30	110
sp|P68871|HBB_HUMAN	P01941	39.310	145	80	2	4	146	2	140	2.03e-30	109
sp|P68871|HBB_HUMAN	P21766	42.759	145	75	3	4	146	2	140	2.05e-30	109
sp|P68871|HBB_HUMAN	P11757	42.069	145	76	3	4	146	2	140	2.08e-30	109
sp|P68871|HBB_HUMAN	Q9XSK1	42.759	145	75	3	4	146	3	141	2.14e-30	109
sp|P68871|HBB_HUMAN	P14259	42.069	145	76	3	4	146	3	141	2.23e-30	109
sp|P68871|HBB_HUMAN	P07421	41.379	145	77	3	4	146	2	140	2.32e-30	109
sp|P68871|HBB_HUMAN	Q9TSN8	42.069	145	76	3	4	146	3	141	2.41e-30	109
sp|P68871|HBB_HUMAN	P18977	43.448	145	74	3	4	146	2	140	2.58e-30	109
sp|P68871|HBB_HUMAN	P01967	42.759	145	75	3	4	146	2	140	2.76e-30	109
sp|P68871|HBB_HUMAN	P18969	43.448	145	74	3	4	146	3	141	2.93e-30	109
sp|P68871|HBB_HUMAN	Q9TS34	42.069	145	76	3	4	146	3	141	2.96e-30	109
sp|P68871|HBB_HUMAN	P02003	40.690	145	78	2	4	146	2	140	3.35e-30	109
sp|P68871|HBB_HUMAN	P01937	41.379	145	77	3	4	146	2	140	3.39e-30	109
sp|P68871|HBB_HUMAN	C0HJZ4	41.781	146	74	2	2	147	1	135	3.71e-30	108
sp|P68871|HBB_HUMAN	Q9TSN9	42.759	145	75	3	4	146	3	141	3.76e-30	109
sp|P68871|HBB_HUMAN	P01968	42.759	145	75	3	4	146	2	140	3.78e-30	109
sp|P68871|HBB_HUMAN	P01969	42.759	145	75	3	4	146	3	141	3.88e-30	109
sp|P68871|HBB_HUMAN	P06638	41.379	145	77	3	4	146	3	141	3.88e-30	109
sp|P68871|HBB_HUMAN	P01940	42.069	145	76	3	4	146	2	140	3.94e-30	109
sp|P68871|HBB_HUMAN	P19002	42.759	145	75	3	4	146	2	140	4.59e-30	108
sp|P68871|HBB_HUMAN	P01966	42.759	145	75	3	4	146	3	141	4.88e-30	108
sp|P68871|HBB_HUMAN	P09423	42.759	145	75	3	4	146	3	141	4.93e-30	108
sp|P68871|HBB_HUMAN	P01951	43.448	145	74	3	4	146	2	140	5.71e-30	108
sp|P68871|HBB_HUMAN	P15163	41.379	145	77	3	4	146	2	140	6.65e-30	108
sp|P68871|HBB_HUMAN	P01960	43.448	145	74	3	4	146	3	141	7.38e-30	108
sp|P68871|HBB_HUMAN	P01959	43.448	145	74	3	4	146	3	141	7.38e-30	108
sp|P68871|HBB_HUMAN	Q7JFN6	43.448	145	74	3	4	146	3	141	7.38e-30	108
sp|P68871|HBB_HUMAN	P01962	42.069	145	76	3	4	146	2	140	8.26e-30	108
sp|P68871|HBB_HUMAN	P63112	42.069	145	76	3	4	146	3	141	9.37e-30	108
sp|P68871|HBB_HUMAN	P63111	42.069	145	76	3	4	146	3	141	9.37e-30	108
sp|P68871|HBB_HUMAN	P13787	39.189	148	82	2	2	147	1	142	9.37e-30	108
sp|P68871|HBB_HUMAN	P01930	42.759	145	75	3	4	146	3	141	9.57e-30	108
sp|P68871|HBB_HUMAN	P14387	42.759	145	75	3	4	146	3	141	9.89e-30	108
sp|P68871|HBB_HUMAN	P20854	42.069	145	76	2	4	146	2	140	1.00e-29	108
sp|P68871|HBB_HUMAN	Q7M3B6	42.069	145	76	3	4	146	2	140	1.06e-29	108
sp|P68871|HBB_HUMAN	P30892	40.411	146	79	3	4	147	2	141	1.06e-29	108
sp|P68871|HBB_HUMAN	P21768	42.069	145	76	3	4	146	2	140	1.12e-29	108
sp|P68871|HBB_HUMAN	P18971	41.379	145	77	2	4	146	3	141	1.13e-29	108
sp|P68871|HBB_HUMAN	P18978	39.310	145	80	2	4	146	2	140	1.13e-29	108
sp|P68871|HBB_HUMAN	P41329	42.069	145	76	3	4	146	3	141	1.16e-29	108
sp|P68871|HBB_HUMAN	P01938	41.379	145	77	3	4	146	2	140	1.17e-29	107
sp|P68871|HBB_HUMAN	P01939	42.069	145	76	3	4	146	3	141	1.22e-29	107
sp|P68871|HBB_HUMAN	P01933	42.069	145	76	3	4	146	2	140	1.30e-29	107
sp|P68871|HBB_HUMAN	P04237	42.759	145	75	3	4	146	1	139	1.34e-29	107
sp|P68871|HBB_HUMAN	P82315	39.310	145	81	2	4	146	2	141	1.36e-29	107
sp|P68871|HBB_HUMAN	P09839	40.690	145	78	2	4	146	2	140	1.52e-29	107
sp|P68871|HBB_HUMAN	P11896	42.759	145	75	3	4	146	3	141	1.63e-29	107
sp|P68871|HBB_HUMAN	C0HJZ5	41.379	145	74	2	2	146	1	134	1.70e-29	107
sp|P68871|HBB_HUMAN	P07402	42.069	145	76	3	4	146	2	140	1.77e-29	107
sp|P68871|HBB_HUMAN	P02004	40.411	146	79	3	4	147	2	141	1.79e-29	107
sp|P68871|HBB_HUMAN	P09906	42.069	145	76	3	4	146	2	140	1.91e-29	107
sp|P68871|HBB_HUMAN	P11251	42.568	148	78	2	2	147	1	143	2.13e-29	107
sp|P68871|HBB_HUMAN	P01961	42.759	145	75	3	4	146	3	141	2.36e-29	107
sp|P68871|HBB_HUMAN	P07405	42.069	145	76	3	4	146	2	140	2.64e-29	107
sp|P68871|HBB_HUMAN	P84609	38.514	148	84	2	2	147	1	143	2.82e-29	107
sp|P68871|HBB_HUMAN	B3EWD1	42.069	145	76	3	4	146	2	140	2.88e-29	107
sp|P68871|HBB_HUMAN	P20018	40.000	145	79	3	4	146	2	140	3.08e-29	107
sp|P68871|HBB_HUMAN	P01958	42.759	145	75	3	4	146	3	141	3.09e-29	107
sp|P68871|HBB_HUMAN	Q7LZC3	40.690	145	78	3	4	146	2	140	3.47e-29	106
sp|P68871|HBB_HUMAN	Q9XSE9	42.759	145	75	3	4	146	3	141	3.60e-29	106
sp|P68871|HBB_HUMAN	P22741	40.000	145	79	3	4	146	2	140	3.95e-29	106
sp|P68871|HBB_HUMAN	P01932	41.379	145	77	3	4	146	2	140	4.04e-29	106
sp|P68871|HBB_HUMAN	P21871	41.379	145	77	3	4	146	3	141	4.06e-29	106
sp|P68871|HBB_HUMAN	P02005	40.000	145	79	2	4	146	2	140	4.21e-29	106
sp|P68871|HBB_HUMAN	P86882	36.986	146	85	2	4	147	2	142	4.33e-29	106
sp|P68871|HBB_HUMAN	P20019	40.000	145	79	3	4	146	2	140	4.91e-29	106
sp|P68871|HBB_HUMAN	P85083	37.838	148	85	2	2	147	1	143	5.36e-29	106
sp|P68871|HBB_HUMAN	Q9PVM3	39.041	146	83	2	4	147	3	144	6.01e-29	106
sp|P68871|HBB_HUMAN	P14525	42.759	145	75	3	4	146	2	140	6.10e-29	106
sp|P68871|HBB_HUMAN	P10059	40.690	145	78	2	4	146	2	140	6.95e-29	105
sp|P68871|HBB_HUMAN	C0HJZ3	41.096	146	68	2	2	147	1	128	7.36e-29	105
sp|P68871|HBB_HUMAN	P83131	40.690	145	78	2	4	146	3	141	8.97e-29	105
sp|P68871|HBB_HUMAN	P01975	40.690	145	78	3	4	146	2	140	9.41e-29	105
sp|P68871|HBB_HUMAN	P56250	38.356	146	84	2	4	147	2	143	1.11e-28	105
sp|P68871|HBB_HUMAN	P01980	37.931	145	82	2	4	146	3	141	1.16e-28	105
sp|P68871|HBB_HUMAN	P07419	43.448	145	74	3	4	146	3	141	1.18e-28	105
sp|P68871|HBB_HUMAN	P41327	41.379	145	77	3	4	146	2	140	1.38e-28	105
sp|P68871|HBB_HUMAN	P09904	40.000	145	79	2	4	146	2	140	1.42e-28	105
sp|P68871|HBB_HUMAN	B3EWD3	41.379	145	77	2	4	146	2	140	1.50e-28	105
sp|P68871|HBB_HUMAN	Q9PVU6	40.940	149	81	2	1	147	1	144	1.60e-28	105
sp|P68871|HBB_HUMAN	P01998	39.310	145	80	3	4	146	2	140	1.67e-28	105
sp|P68871|HBB_HUMAN	P01972	41.353	133	70	3	16	146	14	140	2.10e-28	104
sp|P68871|HBB_HUMAN	P08258	41.379	145	77	3	4	146	2	140	2.32e-28	104
sp|P68871|HBB_HUMAN	P19014	39.310	145	80	2	4	146	3	141	2.46e-28	104
sp|P68871|HBB_HUMAN	B3EWC7	42.069	145	76	3	4	146	2	140	2.47e-28	104
sp|P68871|HBB_HUMAN	B0M2T2	39.310	145	80	3	4	146	2	140	2.70e-28	104
sp|P68871|HBB_HUMAN	P01999	37.241	145	83	2	4	146	3	141	2.84e-28	104
sp|P68871|HBB_HUMAN	P24291	39.310	145	80	2	4	146	2	140	3.04e-28	104
sp|P68871|HBB_HUMAN	P83132	39.310	145	80	2	4	146	3	141	3.27e-28	104
sp|P68871|HBB_HUMAN	P23740	40.690	145	79	2	4	146	2	141	3.72e-28	104
sp|P68871|HBB_HUMAN	P10057	38.621	145	81	2	4	146	2	140	4.08e-28	103
sp|P68871|HBB_HUMAN	P81043	40.000	145	79	3	4	146	3	141	4.10e-28	103
sp|P68871|HBB_HUMAN	P80726	35.811	148	88	2	2	147	1	143	4.13e-28	103
sp|P68871|HBB_HUMAN	P02000	37.931	145	82	2	4	146	2	140	4.21e-28	103
sp|P68871|HBB_HUMAN	P19832	37.241	145	83	2	4	146	2	140	5.35e-28	103
sp|P68871|HBB_HUMAN	P19789	36.552	145	84	2	4	146	2	140	5.71e-28	103
sp|P68871|HBB_HUMAN	P11751	42.759	145	75	3	4	146	2	140	6.43e-28	103
sp|P68871|HBB_HUMAN	P01995	38.621	145	81	3	4	146	2	140	6.57e-28	103
sp|P68871|HBB_HUMAN	P80270	38.356	146	83	2	4	147	2	142	6.98e-28	103
sp|P68871|HBB_HUMAN	P01993	37.931	145	82	2	4	146	3	141	8.13e-28	103
sp|P68871|HBB_HUMAN	P83135	38.621	145	81	2	4	146	3	141	8.31e-28	103
sp|P68871|HBB_HUMAN	P07417	37.241	145	83	2	4	146	3	141	8.68e-28	103
sp|P68871|HBB_HUMAN	P10883	40.000	145	79	3	4	146	2	140	9.72e-28	103
sp|P68871|HBB_HUMAN	P82111	38.621	145	81	2	4	146	2	140	1.11e-27	102
sp|P68871|HBB_HUMAN	P01965	41.379	145	77	3	4	146	2	140	1.13e-27	102
sp|P68871|HBB_HUMAN	P84790	37.241	145	83	2	4	146	3	141	1.25e-27	102
sp|P68871|HBB_HUMAN	P63110	40.000	145	79	3	4	146	2	140	1.29e-27	102
sp|P68871|HBB_HUMAN	P08260	38.621	145	81	2	4	146	2	140	1.30e-27	102
sp|P68871|HBB_HUMAN	P63109	40.000	145	79	3	4	146	3	141	1.34e-27	102
sp|P68871|HBB_HUMAN	P01983	37.931	145	82	2	4	146	3	141	1.34e-27	102
sp|P68871|HBB_HUMAN	P19645	40.690	145	78	3	4	146	2	140	1.52e-27	102
sp|P68871|HBB_HUMAN	P24589	37.241	145	83	2	4	146	3	141	1.65e-27	102
sp|P68871|HBB_HUMAN	P08850	37.931	145	82	2	4	146	3	141	1.65e-27	102
sp|P68871|HBB_HUMAN	P0C0U6	41.096	146	78	3	4	147	2	141	1.77e-27	102
sp|P68871|HBB_HUMAN	P07428	38.776	147	82	2	2	146	1	141	1.96e-27	102
sp|P68871|HBB_HUMAN	P01991	37.241	145	83	2	4	146	2	140	2.91e-27	102
sp|P68871|HBB_HUMAN	P19831	37.671	146	83	2	4	147	2	141	3.28e-27	101
sp|P68871|HBB_HUMAN	P01950	40.690	145	78	3	4	146	2	140	3.39e-27	101
sp|P68871|HBB_HUMAN	P02011	39.041	146	81	2	4	147	2	141	3.39e-27	101
sp|P68871|HBB_HUMAN	O12985	40.278	144	79	2	4	146	2	139	3.71e-27	101
sp|P68871|HBB_HUMAN	P08256	37.241	145	83	2	4	146	2	140	4.54e-27	101
sp|P68871|HBB_HUMAN	P18976	39.310	145	80	3	4	146	2	140	5.22e-27	101
sp|P68871|HBB_HUMAN	P18975	39.310	145	80	3	4	146	3	141	5.61e-27	101
sp|P68871|HBB_HUMAN	P63106	40.690	145	78	3	4	146	2	140	6.42e-27	100
sp|P68871|HBB_HUMAN	P63105	40.690	145	78	3	4	146	2	140	6.42e-27	100
sp|P68871|HBB_HUMAN	P13786	36.552	145	84	2	4	146	3	141	6.46e-27	100
sp|P68871|HBB_HUMAN	Q1AGS8	36.486	148	87	2	2	147	1	143	6.86e-27	100
sp|P68871|HBB_HUMAN	B3EWD9	40.690	145	78	3	4	146	2	140	7.39e-27	100
sp|P68871|HBB_HUMAN	Q1AGS4	35.811	148	88	2	2	147	1	143	7.48e-27	100
sp|P68871|HBB_HUMAN	P15162	39.310	145	80	3	4	146	3	141	7.76e-27	100
sp|P68871|HBB_HUMAN	P11750	42.069	145	76	3	4	146	2	140	7.98e-27	100
sp|P68871|HBB_HUMAN	Q9XSN2	41.379	145	77	3	4	146	3	141	8.11e-27	100
sp|P68871|HBB_HUMAN	Q1AGS9	36.486	148	87	2	2	147	1	143	8.61e-27	100
sp|P68871|HBB_HUMAN	P01981	36.552	145	84	2	4	146	2	140	9.08e-27	100
sp|P68871|HBB_HUMAN	P01955	39.310	145	80	2	4	146	2	140	9.18e-27	100
sp|P68871|HBB_HUMAN	P80945	34.459	148	90	2	2	147	1	143	9.29e-27	100
sp|P68871|HBB_HUMAN	P09420	42.069	145	76	3	4	146	2	140	1.01e-26	100
sp|P68871|HBB_HUMAN	P62387	39.041	146	81	4	4	147	2	141	1.06e-26	100
sp|P68871|HBB_HUMAN	P62363	39.041	146	81	4	4	147	2	141	1.06e-26	100
sp|P68871|HBB_HUMAN	P02008	35.862	145	85	2	4	146	3	141	1.09e-26	100
sp|P68871|HBB_HUMAN	Q9YGW1	34.014	147	87	1	1	147	1	137	1.09e-26	100
sp|P68871|HBB_HUMAN	P01997	37.671	146	83	2	4	147	2	141	1.09e-26	100
sp|P68871|HBB_HUMAN	P01954	38.621	145	81	2	4	146	2	140	1.19e-26	100
sp|P68871|HBB_HUMAN	P07404	35.862	145	85	2	4	146	2	140	1.20e-26	100
sp|P68871|HBB_HUMAN	P01957	39.041	146	80	3	4	146	2	141	1.38e-26	100
sp|P68871|HBB_HUMAN	P14523	37.241	145	83	2	4	146	2	140	1.40e-26	100
sp|P68871|HBB_HUMAN	P45719	36.301	146	86	3	4	147	2	142	1.41e-26	100
sp|P68871|HBB_HUMAN	P06347	36.552	145	84	2	4	146	3	141	1.57e-26	100
sp|P68871|HBB_HUMAN	P81023	37.931	145	82	3	4	146	3	141	1.71e-26	100
sp|P68871|HBB_HUMAN	P01984	38.621	145	81	2	4	146	2	140	1.86e-26	99.8
sp|P68871|HBB_HUMAN	Q7M3B8	37.241	145	82	3	4	146	2	139	2.08e-26	99.8
sp|P68871|HBB_HUMAN	B3EWD7	40.690	145	78	3	4	146	2	140	2.23e-26	99.8
sp|P68871|HBB_HUMAN	P01988	37.241	145	83	3	4	146	3	141	2.45e-26	99.4
sp|P68871|HBB_HUMAN	P02143	36.301	146	88	2	2	147	1	141	2.57e-26	99.4
sp|P68871|HBB_HUMAN	B3EWE1	40.000	145	79	3	4	146	2	140	2.57e-26	99.4
sp|P68871|HBB_HUMAN	P18981	39.310	145	80	4	4	146	2	140	2.69e-26	99.4
sp|P68871|HBB_HUMAN	P01992	35.862	145	85	2	4	146	2	140	2.72e-26	99.4
sp|P68871|HBB_HUMAN	P22740	37.241	145	83	3	4	146	3	141	2.73e-26	99.4
sp|P68871|HBB_HUMAN	P01947	36.552	145	84	2	4	146	3	141	3.58e-26	99.0
sp|P68871|HBB_HUMAN	P01986	37.241	145	83	3	4	146	3	141	3.74e-26	99.0
sp|P68871|HBB_HUMAN	P67816	39.310	145	80	3	4	146	2	140	3.88e-26	99.0
sp|P68871|HBB_HUMAN	P67815	39.310	145	80	3	4	146	2	140	3.88e-26	99.0
sp|P68871|HBB_HUMAN	P01973	39.310	145	80	3	4	146	2	140	4.01e-26	99.0
sp|P68871|HBB_HUMAN	P07403	41.379	145	77	3	4	146	2	140	4.38e-26	99.0
sp|P68871|HBB_HUMAN	P01985	37.241	145	83	2	4	146	3	141	4.50e-26	99.0
sp|P68871|HBB_HUMAN	P01987	35.862	145	85	2	4	146	3	141	4.80e-26	99.0
sp|P68871|HBB_HUMAN	P08852	40.690	145	78	3	4	146	2	140	4.83e-26	98.6
sp|P68871|HBB_HUMAN	P01994	37.931	145	82	3	4	146	3	141	4.90e-26	98.6
sp|P68871|HBB_HUMAN	P06890	40.000	145	79	3	4	146	3	141	4.90e-26	98.6
sp|P68871|HBB_HUMAN	P07034	35.862	145	85	2	4	146	2	140	5.68e-26	98.6
sp|P68871|HBB_HUMAN	P01989	35.862	145	85	2	4	146	3	141	5.71e-26	98.6
sp|P68871|HBB_HUMAN	P83613	36.301	146	86	3	4	147	2	142	6.86e-26	98.6
sp|P68871|HBB_HUMAN	P01996	36.301	146	85	2	4	147	3	142	8.52e-26	98.2
sp|P68871|HBB_HUMAN	B3EWC9	40.690	145	78	3	4	146	2	140	8.57e-26	98.2
sp|P68871|HBB_HUMAN	Q1AGS5	38.514	148	84	2	2	147	1	143	8.95e-26	98.2
sp|P68871|HBB_HUMAN	P02012	37.241	145	83	2	4	146	3	141	9.71e-26	98.2
sp|P68871|HBB_HUMAN	Q10732	34.483	145	87	2	4	146	2	140	1.11e-25	97.8
sp|P68871|HBB_HUMAN	P07425	39.310	145	80	3	4	146	2	140	1.14e-25	97.8
sp|P68871|HBB_HUMAN	P10780	37.241	145	83	2	4	146	2	140	1.34e-25	97.8
sp|P68871|HBB_HUMAN	P02009	35.616	146	86	2	4	147	2	141	1.54e-25	97.4
sp|P68871|HBB_HUMAN	P02013	37.241	145	83	2	4	146	3	141	1.74e-25	97.4
sp|P68871|HBB_HUMAN	P13273	35.862	145	85	2	4	146	2	140	1.91e-25	97.1
sp|P68871|HBB_HUMAN	P09105	39.310	145	80	3	4	146	3	141	2.24e-25	97.1
sp|P68871|HBB_HUMAN	P01990	35.172	145	86	2	4	146	3	141	2.66e-25	97.1
sp|P68871|HBB_HUMAN	C0HJE0	35.862	145	85	2	4	146	2	140	3.08e-25	96.7
sp|P68871|HBB_HUMAN	P02010	38.776	147	80	4	4	147	2	141	3.29e-25	96.7
sp|P68871|HBB_HUMAN	P06467	34.483	145	87	2	4	146	3	141	3.41e-25	96.7
sp|P68871|HBB_HUMAN	P07430	36.552	145	84	2	4	146	3	141	3.64e-25	96.7
sp|P68871|HBB_HUMAN	P02020	34.932	146	90	2	2	146	1	142	4.54e-25	96.3
sp|P68871|HBB_HUMAN	P07407	36.986	146	84	2	4	147	2	141	7.65e-25	95.5
sp|P68871|HBB_HUMAN	P01946	35.862	145	85	2	4	146	3	141	1.14e-24	95.1
sp|P68871|HBB_HUMAN	P10062	35.172	145	86	2	4	146	2	140	1.21e-24	95.1
sp|P68871|HBB_HUMAN	P07431	35.172	145	86	2	4	146	3	141	1.44e-24	95.1
sp|P68871|HBB_HUMAN	P01976	34.483	145	87	2	4	146	2	140	1.46e-24	95.1
sp|P68871|HBB_HUMAN	Q9PRL9	37.671	146	83	3	4	147	2	141	1.60e-24	94.7
sp|P68871|HBB_HUMAN	A1A4Q3	37.241	145	83	3	4	146	2	140	1.78e-24	94.7
sp|P68871|HBB_HUMAN	O42425	37.838	148	85	2	2	147	1	143	1.96e-24	94.7
sp|P68871|HBB_HUMAN	P01949	37.931	145	82	2	4	146	2	140	3.76e-24	94.0
sp|P68871|HBB_HUMAN	P01982	35.862	145	85	2	4	146	2	140	5.49e-24	93.6
sp|P68871|HBB_HUMAN	Q8HY34	35.862	145	85	2	4	146	3	141	7.71e-24	93.2
sp|P68871|HBB_HUMAN	P41331	36.986	146	84	3	4	147	2	141	8.19e-24	93.2
sp|P68871|HBB_HUMAN	P16417	34.932	146	87	3	4	147	2	141	1.58e-23	92.4
sp|P68871|HBB_HUMAN	P0C0U7	35.616	146	86	3	4	147	2	141	2.34e-23	92.0
sp|P68871|HBB_HUMAN	P18974	36.552	145	84	2	4	146	2	140	4.28e-23	91.3
sp|P68871|HBB_HUMAN	P23019	42.069	145	76	3	4	146	2	140	1.42e-22	89.7
sp|P68871|HBB_HUMAN	P06639	37.241	145	83	3	4	146	3	141	1.52e-22	89.7
sp|P68871|HBB_HUMAN	P20247	37.671	146	87	1	2	147	1	142	1.75e-22	89.7
sp|P68871|HBB_HUMAN	P10783	35.862	145	85	2	4	146	3	141	2.48e-22	89.4
sp|P68871|HBB_HUMAN	P14522	36.301	146	85	2	4	147	2	141	3.34e-22	89.0
sp|P68871|HBB_HUMAN	Q6B0K9	35.172	145	86	2	4	146	2	140	4.10e-22	88.6
sp|P68871|HBB_HUMAN	P51465	36.552	145	84	2	4	146	3	141	6.01e-22	88.2
sp|P68871|HBB_HUMAN	P84217	34.247	146	91	2	2	147	1	141	6.05e-22	88.2
sp|P68871|HBB_HUMAN	B3EWR7	34.247	146	89	2	4	147	2	142	8.13e-22	87.8
sp|P68871|HBB_HUMAN	P20246	36.301	146	89	1	2	147	1	142	9.56e-22	87.8
sp|P68871|HBB_HUMAN	P07408	37.241	145	83	3	4	146	2	140	1.88e-21	87.0
sp|P68871|HBB_HUMAN	P18973	41.379	145	77	3	4	146	2	140	3.09e-21	86.3
sp|P68871|HBB_HUMAN	P06714	36.620	142	82	3	4	143	3	138	5.26e-21	85.9
sp|P68871|HBB_HUMAN	P56692	33.333	147	93	2	1	147	1	142	7.19e-21	85.5
sp|P68871|HBB_HUMAN	Q9TT33	97.561	41	1	0	107	147	1	41	7.54e-21	82.4
sp|P68871|HBB_HUMAN	P55267	32.414	145	90	2	4	146	3	141	3.58e-20	83.6
sp|P68871|HBB_HUMAN	P02021	35.433	127	76	2	20	146	27	147	5.00e-20	83.6
sp|P68871|HBB_HUMAN	P81041	57.407	54	23	0	2	55	1	54	2.61e-19	79.0
sp|P68871|HBB_HUMAN	P83113	34.507	142	85	2	7	146	1	136	3.35e-19	81.3
sp|P68871|HBB_HUMAN	P02014	33.793	145	88	3	4	146	3	141	6.49e-19	80.5
sp|P68871|HBB_HUMAN	P02015	34.459	148	89	2	1	146	1	142	1.21e-18	79.7
sp|P68871|HBB_HUMAN	Q9YGW2	35.246	122	72	3	25	146	26	140	3.44e-17	75.9
sp|P68871|HBB_HUMAN	Q9TT34	97.222	36	1	0	112	147	1	36	3.89e-17	73.2
sp|P68871|HBB_HUMAN	P10784	32.414	145	90	3	4	146	2	140	4.22e-17	75.9
sp|P68871|HBB_HUMAN	P20244	34.483	145	87	3	4	146	2	140	1.08e-16	74.7
sp|P68871|HBB_HUMAN	P02022	32.624	141	80	4	4	142	2	129	1.87e-16	73.9
sp|P68871|HBB_HUMAN	P06640	34.307	137	82	3	12	146	2	132	1.94e-16	73.9
sp|P68871|HBB_HUMAN	Q575S8	26.429	140	98	2	4	138	19	158	1.94e-16	75.1
sp|P68871|HBB_HUMAN	Q8WWM9	28.788	132	89	2	8	134	23	154	1.84e-15	72.8
sp|P68871|HBB_HUMAN	P84216	34.109	129	79	2	18	146	19	141	5.57e-15	70.5
sp|P68871|HBB_HUMAN	P20245	33.103	145	89	3	4	146	2	140	9.10e-15	69.7
sp|P68871|HBB_HUMAN	P02202	31.034	145	98	1	4	146	3	147	1.41e-14	69.7
sp|P68871|HBB_HUMAN	P56208	31.034	145	98	1	4	146	3	147	1.98e-14	69.3
sp|P68871|HBB_HUMAN	G1NJB6	30.345	145	99	1	4	146	3	147	4.34e-14	68.2
sp|P68871|HBB_HUMAN	P02197	30.345	145	99	1	4	146	3	147	4.34e-14	68.2
sp|P68871|HBB_HUMAN	Q7LZM2	31.724	145	97	2	4	146	3	147	5.54e-14	68.2
sp|P68871|HBB_HUMAN	P09106	39.806	103	54	3	4	104	3	99	8.28e-14	67.4
sp|P68871|HBB_HUMAN	P56691	34.483	145	87	3	4	146	3	141	9.40e-14	67.0
sp|P68871|HBB_HUMAN	Q8UUR3	29.710	138	91	3	4	135	16	153	1.52e-13	67.4
sp|P68871|HBB_HUMAN	Q7LZM3	30.345	145	99	1	4	146	3	147	2.72e-13	66.2
sp|P68871|HBB_HUMAN	P02201	31.034	145	98	1	4	146	3	147	5.30e-13	65.5
sp|P68871|HBB_HUMAN	Q7LZM4	29.655	145	100	1	4	146	3	147	5.36e-13	65.5
sp|P68871|HBB_HUMAN	Q7LZM1	29.655	145	100	1	4	146	3	147	5.96e-13	65.5
sp|P68871|HBB_HUMAN	C0HJZ2	35.172	145	69	5	4	146	2	123	1.27e-12	63.9
sp|P68871|HBB_HUMAN	Q7LZM5	28.966	145	101	1	4	146	3	147	1.56e-12	64.3
sp|P68871|HBB_HUMAN	P02200	28.571	147	103	1	2	146	1	147	1.79e-12	63.9
sp|P68871|HBB_HUMAN	P85077	29.655	145	100	2	4	146	3	147	7.21e-12	62.4
sp|P68871|HBB_HUMAN	P86874	29.655	145	100	1	4	146	3	147	1.32e-11	62.0
sp|P68871|HBB_HUMAN	P02203	28.276	145	102	1	4	146	3	147	2.40e-11	61.2
sp|P68871|HBB_HUMAN	P21198	25.000	148	97	3	4	146	12	150	1.34e-10	58.9
sp|P68871|HBB_HUMAN	P02199	30.345	145	98	3	4	146	3	146	2.35e-10	58.5
sp|P68871|HBB_HUMAN	P18979	32.632	95	56	2	4	96	2	90	4.61e-10	56.2
sp|P68871|HBB_HUMAN	P02166	28.276	145	102	1	4	146	3	147	4.68e-10	57.8
sp|P68871|HBB_HUMAN	P02159	28.276	145	102	1	4	146	3	147	4.83e-10	57.8
sp|P68871|HBB_HUMAN	P85313	50.000	48	24	0	2	49	1	48	5.67e-10	54.7
sp|P68871|HBB_HUMAN	P02167	28.276	145	102	1	4	146	3	147	6.02e-10	57.4
sp|P68871|HBB_HUMAN	C0HKB7	28.276	145	102	1	4	146	3	147	6.34e-10	57.4
sp|P68871|HBB_HUMAN	Q6VN46	34.109	129	80	3	12	138	7	132	6.82e-10	57.0
sp|P68871|HBB_HUMAN	P02169	30.822	146	97	2	4	146	3	147	7.98e-10	57.0
sp|P68871|HBB_HUMAN	P63114	28.276	145	102	1	4	146	3	147	8.07e-10	57.0
sp|P68871|HBB_HUMAN	P63113	28.276	145	102	1	4	146	3	147	8.07e-10	57.0
sp|P68871|HBB_HUMAN	P02160	28.276	145	102	1	4	146	3	147	1.00e-09	57.0
sp|P68871|HBB_HUMAN	P02168	27.586	145	103	1	4	146	3	147	1.68e-09	56.2
sp|P68871|HBB_HUMAN	P02204	32.540	126	80	3	12	135	7	129	1.92e-09	55.8
sp|P68871|HBB_HUMAN	Q9DGI9	30.973	113	75	2	10	120	5	116	2.99e-09	55.5
sp|P68871|HBB_HUMAN	Q6PL31	27.586	145	103	1	4	146	3	147	3.37e-09	55.5
sp|P68871|HBB_HUMAN	Q9DGJ0	29.710	138	92	3	11	146	6	140	4.49e-09	55.1
sp|P68871|HBB_HUMAN	P68189	33.645	107	68	2	11	115	6	111	4.93e-09	54.7
sp|P68871|HBB_HUMAN	P68190	33.645	107	68	2	11	115	6	111	4.93e-09	54.7
sp|P68871|HBB_HUMAN	Q76G09	33.645	107	68	2	11	115	6	111	4.93e-09	54.7
sp|P68871|HBB_HUMAN	P02205	32.710	107	69	2	11	115	6	111	1.25e-08	53.9
sp|P68871|HBB_HUMAN	P02195	27.586	145	103	1	4	146	3	147	1.31e-08	53.9
sp|P68871|HBB_HUMAN	P02165	28.276	145	102	1	4	146	3	147	1.33e-08	53.9
sp|P68871|HBB_HUMAN	P80017	29.252	147	98	4	4	146	13	157	1.59e-08	53.9
sp|P68871|HBB_HUMAN	P02161	28.276	145	102	1	4	146	3	147	1.98e-08	53.5
sp|P68871|HBB_HUMAN	Q6I7B0	33.628	113	72	2	10	120	5	116	2.12e-08	53.1
sp|P68871|HBB_HUMAN	P02196	28.276	145	102	1	4	146	3	147	2.17e-08	53.1
sp|P68871|HBB_HUMAN	P02206	28.261	138	94	3	12	146	7	142	2.57e-08	53.1
sp|P68871|HBB_HUMAN	Q9DGJ2	33.621	116	66	4	11	120	6	116	2.87e-08	52.8
sp|P68871|HBB_HUMAN	P68080	27.586	145	103	1	4	146	3	147	3.73e-08	52.8
sp|P68871|HBB_HUMAN	P68081	27.586	145	103	1	4	146	3	147	3.73e-08	52.8
sp|P68871|HBB_HUMAN	P02194	26.207	145	105	1	4	146	3	147	4.40e-08	52.4
sp|P68871|HBB_HUMAN	P04250	28.767	146	100	2	4	146	3	147	6.13e-08	52.0
sp|P68871|HBB_HUMAN	P02193	27.586	145	103	1	4	146	3	147	6.72e-08	52.0
sp|P68871|HBB_HUMAN	P84997	27.586	145	103	1	4	146	3	147	8.19e-08	51.6
sp|P68871|HBB_HUMAN	P02192	27.586	145	103	1	4	146	3	147	1.76e-07	50.8
sp|P68871|HBB_HUMAN	Q2MJN4	27.586	145	103	1	4	146	3	147	1.76e-07	50.8
sp|P68871|HBB_HUMAN	P86873	27.586	145	103	1	4	146	3	147	1.76e-07	50.8
sp|P68871|HBB_HUMAN	Q9DGI8	32.407	108	69	2	10	115	5	110	4.55e-07	49.7
sp|P68871|HBB_HUMAN	Q701N9	31.532	111	73	2	12	120	7	116	5.71e-07	49.3
sp|P68871|HBB_HUMAN	P02190	26.897	145	104	1	4	146	3	147	7.91e-07	49.3
sp|P68871|HBB_HUMAN	C0HJR0	26.897	145	104	1	4	146	3	147	7.91e-07	49.3
sp|P68871|HBB_HUMAN	B7U9B5	26.897	145	104	1	4	146	3	147	8.68e-07	48.9
sp|P68871|HBB_HUMAN	P02191	26.897	145	104	1	4	146	3	147	1.59e-06	48.1
sp|P68871|HBB_HUMAN	P02187	28.276	145	102	2	4	146	3	147	3.50e-06	47.4
sp|P68871|HBB_HUMAN	Q0KIY6	26.897	145	104	1	4	146	3	147	6.14e-06	46.6
sp|P68871|HBB_HUMAN	P02179	26.207	145	105	1	4	146	3	147	6.59e-06	46.6
sp|P68871|HBB_HUMAN	P02181	26.207	145	105	1	4	146	3	147	6.73e-06	46.6
